timestamp, pA
0, 504.217840
0, 502.932039
0, 505.319956
0, 504.768898
0, 502.380981
0, 502.197295
0, 503.666782
0, 506.605757
0, 505.871013
0, 504.034154
0, 506.605757
0, 502.013609
0, 506.054699
0, 506.238385
0, 504.952584
0, 504.952584
0, 505.503642
0, 506.973129
0, 504.585212
0, 504.585212
0, 508.626302
0, 504.952584
0, 502.748353
0, 504.034154
0, 503.299411
0, 503.850468
0, 504.034154
0, 505.871013
0, 503.299411
0, 503.299411
0, 504.034154
0, 504.401526
0, 500.360436
0, 499.993064
0, 503.850468
0, 502.013609
0, 503.115725
0, 500.911494
0, 498.523577
0, 501.829923
0, 503.850468
0, 501.278865
0, 499.442006
0, 502.013609
0, 504.768898
0, 504.952584
0, 504.034154
0, 502.932039
0, 499.258320
0, 503.666782
0, 501.829923
0, 504.768898
0, 502.197295
0, 502.013609
0, 504.952584
0, 504.952584
0, 506.789443
0, 507.707873
0, 504.768898
0, 507.340501
0, 506.054699
0, 504.034154
0, 504.952584
0, 503.850468
0, 505.687327
0, 503.666782
0, 505.503642
0, 504.401526
0, 506.973129
0, 506.973129
0, 508.809988
0, 506.422071
0, 506.422071
0, 505.687327
0, 509.544732
0, 505.136270
0, 507.340501
0, 508.626302
0, 508.442616
0, 504.034154
0, 504.768898
0, 501.278865
0, 506.054699
0, 507.707873
0, 504.034154
0, 502.197295
0, 504.768898
0, 502.748353
0, 501.095180
0, 505.871013
0, 499.625692
0, 504.217840
0, 506.789443
0, 503.666782
0, 502.748353
0, 501.278865
0, 502.932039
0, 504.585212
0, 503.850468
0, 498.707263
0, 503.483096
0, 505.319956
0, 505.319956
0, 502.380981
0, 505.136270
0, 505.871013
0, 503.299411
0, 504.401526
0, 506.422071
0, 505.503642
0, 503.483096
0, 505.871013
0, 505.503642
0, 504.768898
0, 504.217840
0, 503.666782
0, 507.156815
0, 506.054699
0, 504.952584
0, 504.034154
0, 506.054699
0, 506.054699
0, 506.422071
0, 505.319956
0, 503.666782
0, 507.156815
0, 505.319956
0, 504.952584
0, 501.095180
0, 501.462551
0, 501.646237
0, 504.768898
0, 501.278865
0, 505.319956
0, 506.054699
0, 503.666782
0, 500.727808
0, 500.727808
0, 500.176750
0, 499.625692
0, 504.401526
0, 504.952584
0, 503.483096
0, 503.299411
0, 502.013609
0, 500.176750
0, 503.666782
0, 503.483096
0, 500.176750
0, 505.136270
0, 502.932039
0, 502.564667
0, 504.034154
0, 504.952584
0, 505.136270
0, 506.238385
0, 501.278865
0, 503.115725
0, 503.666782
0, 504.585212
0, 508.075244
0, 508.993674
0, 504.768898
0, 505.319956
0, 506.238385
0, 507.156815
0, 506.422071
0, 505.503642
0, 503.299411
0, 503.299411
0, 501.829923
0, 504.768898
0, 506.422071
0, 510.279475
0, 509.177360
0, 507.891558
0, 505.136270
0, 504.217840
0, 505.136270
0, 506.789443
0, 505.503642
0, 503.483096
0, 502.197295
0, 503.299411
0, 503.850468
0, 503.299411
0, 500.727808
0, 505.871013
0, 505.136270
0, 504.034154
0, 502.013609
0, 502.013609
0, 502.197295
0, 503.666782
0, 501.095180
0, 501.829923
0, 502.748353
0, 504.034154
0, 507.156815
0, 502.197295
0, 502.564667
0, 505.503642
0, 504.585212
0, 504.585212
0, 504.768898
0, 504.768898
0, 502.013609
0, 506.605757
0, 506.422071
0, 503.666782
0, 503.666782
0, 501.462551
0, 507.340501
0, 507.156815
0, 503.483096
0, 504.952584
0, 502.932039
0, 506.605757
0, 507.340501
0, 505.136270
0, 507.156815
0, 507.340501
0, 504.952584
0, 505.319956
0, 501.462551
0, 502.380981
0, 502.748353
0, 504.585212
0, 504.034154
0, 503.483096
0, 503.299411
0, 503.850468
0, 501.646237
0, 504.034154
0, 502.564667
0, 502.564667
0, 504.768898
0, 503.666782
0, 501.829923
0, 502.013609
0, 501.095180
0, 499.625692
0, 503.850468
0, 501.278865
0, 500.911494
0, 502.013609
0, 503.483096
0, 503.299411
0, 503.299411
0, 505.136270
0, 504.034154
0, 504.768898
0, 503.115725
0, 504.401526
0, 507.340501
0, 504.768898
0, 501.278865
0, 503.115725
0, 504.952584
0, 503.483096
0, 505.319956
0, 506.789443
0, 507.156815
0, 506.238385
0, 504.768898
0, 507.524187
0, 508.075244
0, 506.789443
0, 502.932039
0, 506.238385
0, 507.891558
0, 509.544732
0, 508.442616
0, 506.973129
0, 505.871013
0, 508.809988
0, 507.156815
0, 504.585212
0, 504.217840
0, 506.789443
0, 505.136270
0, 504.585212
0, 504.952584
0, 502.564667
0, 502.197295
0, 503.299411
0, 501.462551
0, 503.850468
0, 505.503642
0, 504.034154
0, 500.911494
0, 501.095180
0, 504.217840
0, 504.034154
0, 503.850468
0, 504.401526
0, 501.462551
0, 504.768898
0, 503.299411
0, 501.278865
0, 505.687327
0, 504.768898
0, 504.768898
0, 501.829923
0, 502.380981
0, 504.034154
0, 503.483096
0, 505.687327
0, 504.401526
0, 505.136270
0, 502.197295
0, 503.115725
0, 509.177360
0, 508.258930
0, 506.422071
0, 502.380981
0, 504.401526
0, 504.952584
0, 505.319956
0, 505.319956
0, 506.422071
0, 504.585212
0, 505.503642
0, 505.503642
0, 505.319956
0, 504.585212
0, 501.646237
0, 504.401526
0, 505.687327
0, 502.564667
0, 500.544122
0, 501.278865
0, 505.319956
0, 504.217840
0, 503.115725
0, 502.197295
0, 503.483096
0, 504.585212
0, 502.197295
0, 500.360436
0, 499.625692
0, 502.197295
0, 502.564667
0, 501.829923
0, 503.850468
0, 505.136270
0, 504.585212
0, 504.585212
0, 503.483096
0, 505.136270
0, 502.564667
0, 503.483096
0, 505.319956
0, 503.483096
0, 501.829923
0, 503.850468
0, 505.136270
0, 501.462551
0, 501.646237
0, 508.258930
0, 508.442616
0, 505.136270
0, 504.768898
0, 505.136270
0, 504.952584
0, 506.054699
0, 506.054699
0, 504.768898
0, 506.789443
0, 508.442616
0, 506.789443
0, 503.850468
0, 504.768898
0, 505.503642
0, 506.973129
0, 508.258930
0, 504.217840
0, 506.422071
0, 505.687327
0, 504.768898
0, 503.850468
0, 502.197295
0, 506.054699
0, 507.340501
0, 504.217840
0, 501.829923
0, 504.768898
0, 499.993064
0, 501.095180
0, 504.401526
0, 504.952584
0, 501.278865
0, 501.646237
0, 504.585212
0, 505.503642
0, 500.727808
0, 501.462551
0, 502.380981
0, 504.034154
0, 504.401526
0, 502.380981
0, 502.380981
0, 505.136270
0, 503.666782
0, 506.789443
0, 504.768898
0, 501.829923
0, 503.483096
0, 504.585212
0, 505.503642
0, 504.401526
0, 503.115725
0, 505.687327
0, 506.422071
0, 506.973129
0, 502.564667
0, 502.564667
0, 506.789443
0, 508.075244
0, 505.871013
0, 502.932039
0, 505.503642
0, 505.319956
0, 507.156815
0, 504.952584
0, 501.646237
0, 503.483096
0, 504.768898
0, 505.136270
0, 502.197295
0, 502.197295
0, 502.932039
0, 505.319956
0, 506.789443
0, 504.034154
0, 501.095180
0, 500.727808
0, 503.666782
0, 500.544122
0, 502.748353
0, 501.646237
0, 499.258320
0, 504.585212
0, 501.829923
0, 502.197295
0, 501.462551
0, 504.401526
0, 505.136270
0, 504.952584
0, 506.789443
0, 503.483096
0, 503.299411
0, 504.217840
0, 505.319956
0, 503.850468
0, 503.483096
0, 506.238385
0, 504.217840
0, 502.197295
0, 504.768898
0, 506.054699
0, 507.891558
0, 505.136270
0, 505.136270
0, 506.238385
0, 507.524187
0, 506.422071
0, 506.422071
0, 508.075244
0, 506.973129
0, 508.075244
0, 507.524187
0, 504.217840
0, 504.401526
0, 504.217840
0, 504.585212
0, 505.136270
0, 505.319956
0, 507.524187
0, 505.871013
0, 503.850468
0, 502.013609
0, 502.197295
0, 505.503642
0, 504.217840
0, 506.973129
0, 503.666782
0, 501.462551
0, 501.095180
0, 504.034154
0, 502.748353
0, 502.564667
0, 502.932039
0, 502.013609
0, 502.380981
0, 503.299411
0, 502.564667
0, 503.850468
0, 508.442616
0, 504.401526
0, 502.380981
0, 505.136270
0, 502.932039
0, 505.503642
0, 502.748353
0, 505.136270
0, 506.054699
0, 505.871013
0, 502.380981
0, 505.687327
0, 504.034154
0, 504.217840
0, 506.054699
0, 508.075244
0, 505.687327
0, 503.299411
0, 502.748353
0, 506.789443
0, 506.054699
0, 506.605757
0, 505.503642
0, 505.319956
0, 507.707873
0, 504.585212
0, 508.442616
0, 505.136270
0, 503.115725
0, 504.585212
0, 503.299411
0, 503.299411
0, 502.564667
0, 503.850468
0, 503.483096
0, 503.483096
0, 500.727808
0, 499.809378
0, 501.278865
0, 502.748353
0, 502.564667
0, 503.850468
0, 504.401526
0, 499.625692
0, 502.197295
0, 501.278865
0, 500.727808
0, 502.013609
0, 503.850468
0, 503.666782
0, 500.911494
0, 503.115725
0, 506.238385
0, 505.503642
0, 504.217840
0, 500.911494
0, 504.217840
0, 502.564667
0, 504.768898
0, 504.768898
0, 501.646237
0, 503.666782
0, 504.768898
0, 506.422071
0, 507.340501
0, 506.422071
0, 508.258930
0, 508.626302
0, 505.136270
0, 507.156815
0, 502.197295
0, 504.217840
0, 506.789443
0, 505.871013
0, 507.891558
0, 505.319956
0, 508.442616
0, 507.891558
0, 506.605757
0, 503.666782
0, 502.380981
0, 504.768898
0, 507.156815
0, 502.380981
0, 503.299411
0, 504.401526
0, 503.299411
0, 504.034154
0, 504.585212
0, 504.401526
0, 499.809378
0, 504.034154
0, 502.564667
0, 500.544122
0, 504.952584
0, 504.034154
0, 502.013609
0, 502.748353
0, 500.360436
0, 502.564667
0, 504.952584
0, 502.748353
0, 505.319956
0, 504.768898
0, 500.544122
0, 503.299411
0, 506.238385
0, 504.952584
0, 504.768898
0, 503.483096
0, 501.829923
0, 505.503642
0, 504.952584
0, 504.217840
0, 503.483096
0, 505.871013
0, 506.054699
0, 506.605757
0, 505.319956
0, 503.115725
0, 505.319956
0, 505.871013
0, 506.238385
0, 503.850468
0, 504.952584
0, 509.361046
0, 505.871013
0, 503.666782
0, 504.034154
0, 502.380981
0, 504.952584
0, 505.687327
0, 501.829923
0, 503.666782
0, 504.585212
0, 502.932039
0, 502.380981
0, 500.911494
0, 500.176750
0, 501.095180
0, 503.115725
0, 502.380981
0, 499.625692
0, 502.380981
0, 505.319956
0, 505.136270
0, 502.197295
0, 501.278865
0, 502.748353
0, 501.829923
0, 502.013609
0, 502.564667
0, 503.666782
0, 502.380981
0, 501.646237
0, 501.646237
0, 503.666782
0, 502.380981
0, 504.034154
0, 505.503642
0, 506.054699
0, 502.564667
0, 504.768898
0, 504.401526
0, 507.524187
0, 507.340501
0, 505.687327
0, 504.952584
0, 505.136270
0, 503.666782
0, 506.789443
0, 507.891558
0, 505.871013
0, 504.401526
0, 507.891558
0, 506.054699
0, 507.707873
0, 505.503642
0, 505.871013
0, 503.115725
0, 505.136270
0, 502.748353
0, 505.687327
0, 507.340501
0, 505.503642
0, 501.462551
0, 501.646237
0, 503.666782
0, 503.666782
0, 500.544122
0, 501.095180
0, 503.666782
0, 504.585212
0, 502.748353
0, 503.483096
0, 500.544122
0, 502.197295
0, 503.483096
0, 503.666782
0, 505.503642
0, 503.299411
0, 504.585212
0, 504.401526
0, 503.115725
0, 502.564667
0, 502.564667
0, 503.850468
0, 503.850468
0, 503.299411
0, 504.217840
0, 506.054699
0, 505.871013
0, 505.136270
0, 505.503642
0, 505.503642
0, 506.054699
0, 504.952584
0, 505.687327
0, 505.319956
0, 506.605757
0, 502.197295
0, 505.319956
0, 504.768898
0, 505.503642
0, 507.707873
0, 507.340501
0, 506.605757
0, 503.299411
0, 504.768898
0, 505.503642
0, 507.340501
0, 506.422071
0, 502.748353
0, 501.646237
0, 504.034154
0, 502.380981
0, 503.666782
0, 501.646237
0, 500.176750
0, 503.299411
0, 503.850468
0, 501.829923
0, 500.360436
0, 501.829923
0, 500.727808
0, 499.625692
0, 502.013609
0, 505.319956
0, 503.115725
0, 504.768898
0, 502.932039
0, 504.217840
0, 504.768898
0, 502.564667
0, 504.401526
0, 503.666782
0, 503.115725
0, 504.952584
0, 505.871013
0, 503.483096
0, 502.013609
0, 502.380981
0, 504.768898
0, 508.258930
0, 506.973129
0, 505.136270
0, 504.952584
0, 503.850468
0, 505.687327
0, 506.238385
0, 509.177360
0, 507.340501
0, 508.075244
0, 506.054699
0, 504.217840
0, 506.054699
0, 505.871013
0, 507.707873
0, 505.871013
0, 506.605757
0, 505.319956
0, 502.380981
0, 506.238385
0, 505.503642
0, 504.768898
0, 504.768898
0, 503.115725
0, 501.278865
0, 504.217840
0, 505.871013
0, 502.748353
0, 502.564667
0, 503.666782
0, 502.932039
0, 502.380981
0, 502.197295
0, 498.523577
0, 500.727808
0, 504.401526
0, 502.748353
0, 503.483096
0, 504.585212
0, 504.217840
0, 506.973129
0, 503.666782
0, 503.850468
0, 504.217840
0, 505.687327
0, 505.503642
0, 503.850468
0, 505.136270
0, 506.054699
0, 502.197295
0, 505.319956
0, 502.932039
0, 506.422071
0, 506.422071
0, 504.585212
0, 506.605757
0, 504.217840
0, 504.768898
0, 507.524187
0, 505.687327
0, 505.503642
0, 504.768898
0, 507.524187
0, 507.891558
0, 505.503642
0, 506.054699
0, 505.687327
0, 505.503642
0, 502.380981
0, 502.380981
0, 501.646237
0, 504.217840
0, 502.197295
0, 505.871013
0, 503.299411
0, 500.176750
0, 502.380981
0, 501.095180
0, 499.625692
0, 499.809378
0, 502.748353
0, 504.034154
0, 502.564667
0, 500.176750
0, 499.074634
0, 504.585212
0, 502.197295
0, 503.666782
0, 505.871013
0, 506.238385
0, 503.483096
0, 504.217840
0, 505.871013
0, 504.768898
0, 505.503642
0, 505.871013
0, 504.952584
0, 503.115725
0, 503.115725
0, 501.646237
0, 504.585212
0, 504.585212
0, 507.340501
0, 508.075244
0, 506.054699
0, 507.524187
0, 505.503642
0, 506.238385
0, 504.034154
0, 507.707873
0, 505.687327
0, 507.524187
0, 508.993674
0, 509.177360
0, 506.238385
0, 506.238385
0, 506.238385
0, 502.197295
0, 502.748353
0, 502.932039
0, 506.054699
0, 503.299411
0, 502.564667
0, 503.850468
0, 505.319956
0, 505.503642
0, 504.217840
0, 504.768898
0, 500.911494
0, 503.666782
0, 504.034154
0, 501.829923
0, 503.299411
0, 504.217840
0, 506.054699
0, 503.666782
0, 504.585212
0, 503.483096
0, 502.197295
0, 506.973129
0, 505.687327
0, 501.829923
0, 502.932039
0, 502.013609
0, 503.483096
0, 506.422071
0, 502.748353
0, 502.748353
0, 505.503642
0, 506.238385
0, 504.952584
0, 505.503642
0, 506.238385
0, 503.850468
0, 505.687327
0, 504.401526
0, 504.034154
0, 505.136270
0, 506.973129
0, 508.809988
0, 505.136270
0, 506.054699
0, 504.768898
0, 505.136270
0, 507.156815
0, 501.829923
0, 503.666782
0, 499.074634
0, 505.319956
0, 505.687327
0, 505.687327
0, 504.768898
0, 503.299411
0, 501.278865
0, 502.013609
0, 503.483096
0, 502.013609
0, 501.646237
0, 502.564667
0, 502.748353
0, 500.544122
0, 502.564667
0, 503.666782
0, 503.666782
0, 500.727808
0, 503.299411
0, 505.503642
0, 502.564667
0, 503.115725
0, 503.850468
0, 503.666782
0, 504.217840
0, 502.197295
0, 501.462551
0, 500.360436
0, 504.217840
0, 504.952584
0, 503.115725
0, 505.871013
0, 505.687327
0, 506.789443
0, 508.075244
0, 506.789443
0, 502.932039
0, 504.768898
0, 507.524187
0, 506.789443
0, 506.789443
0, 504.217840
0, 508.626302
0, 510.279475
0, 507.891558
0, 508.809988
0, 504.034154
0, 503.850468
0, 507.156815
0, 503.483096
0, 504.034154
0, 506.238385
0, 506.422071
0, 506.422071
0, 507.156815
0, 501.095180
0, 502.013609
0, 503.666782
0, 502.932039
0, 505.136270
0, 502.748353
0, 500.544122
0, 501.646237
0, 500.544122
0, 503.483096
0, 502.932039
0, 503.299411
0, 503.299411
0, 504.034154
0, 504.585212
0, 503.483096
0, 503.115725
0, 503.666782
0, 504.585212
0, 504.585212
0, 502.932039
0, 504.034154
0, 504.585212
0, 502.748353
0, 502.197295
0, 503.666782
0, 506.605757
0, 508.626302
0, 506.054699
0, 506.422071
0, 507.156815
0, 504.217840
0, 506.789443
0, 504.034154
0, 502.748353
0, 503.666782
0, 505.871013
0, 509.177360
0, 503.299411
0, 506.238385
0, 504.217840
0, 503.483096
0, 501.095180
0, 502.380981
0, 504.034154
0, 506.973129
0, 505.871013
0, 504.585212
0, 502.564667
0, 500.727808
0, 502.564667
0, 502.197295
0, 503.115725
0, 504.217840
0, 501.646237
0, 503.299411
0, 504.401526
0, 502.932039
0, 500.176750
0, 500.360436
0, 504.585212
0, 504.585212
0, 500.911494
0, 502.380981
0, 500.360436
0, 501.646237
0, 504.952584
0, 504.401526
0, 499.442006
0, 504.768898
0, 505.503642
0, 502.564667
0, 504.217840
0, 502.748353
0, 506.238385
0, 502.932039
0, 507.707873
0, 506.422071
0, 504.952584
0, 504.952584
0, 504.768898
0, 505.687327
0, 506.605757
0, 507.156815
0, 508.809988
0, 506.605757
0, 508.442616
0, 508.258930
0, 503.299411
0, 506.789443
0, 507.340501
0, 505.871013
0, 505.503642
0, 505.871013
0, 507.156815
0, 502.932039
0, 506.605757
0, 503.483096
0, 504.768898
0, 504.401526
0, 504.034154
0, 503.483096
0, 502.932039
0, 503.483096
0, 501.829923
0, 502.380981
0, 500.176750
0, 501.829923
0, 502.564667
0, 503.299411
0, 502.748353
0, 502.748353
0, 503.666782
0, 504.034154
0, 503.299411
0, 505.503642
0, 504.768898
0, 504.768898
0, 504.585212
0, 506.054699
0, 502.932039
0, 503.850468
0, 505.503642
0, 504.217840
0, 504.585212
0, 504.217840
0, 505.871013
0, 502.932039
0, 505.136270
0, 506.422071
0, 503.483096
0, 505.136270
0, 506.789443
0, 505.319956
0, 503.299411
0, 506.973129
0, 504.768898
0, 507.891558
0, 508.258930
0, 505.687327
0, 504.217840
0, 505.503642
0, 507.707873
0, 505.503642
0, 504.034154
0, 500.727808
0, 501.278865
0, 504.768898
0, 502.748353
0, 499.625692
0, 502.380981
0, 502.013609
0, 504.585212
0, 500.911494
0, 500.544122
0, 502.013609
0, 500.544122
0, 503.115725
0, 502.932039
0, 503.299411
0, 502.013609
0, 502.380981
0, 503.115725
0, 499.258320
0, 504.034154
0, 503.299411
0, 502.380981
0, 505.503642
0, 506.238385
0, 503.299411
0, 502.564667
0, 505.319956
0, 506.973129
0, 505.319956
0, 502.932039
0, 503.483096
0, 504.768898
0, 503.115725
0, 502.564667
0, 504.952584
0, 506.605757
0, 505.319956
0, 504.401526
0, 506.054699
0, 507.707873
0, 506.973129
0, 505.136270
0, 508.258930
0, 506.605757
0, 507.707873
0, 508.075244
0, 506.973129
0, 507.156815
0, 503.483096
0, 503.850468
0, 503.850468
0, 505.503642
0, 503.850468
0, 506.789443
0, 503.299411
0, 503.850468
0, 502.564667
0, 499.442006
0, 501.095180
0, 504.217840
0, 504.217840
0, 505.503642
0, 502.013609
0, 504.401526
0, 502.564667
0, 503.115725
0, 504.217840
0, 502.380981
0, 504.952584
0, 504.768898
0, 503.483096
0, 503.115725
0, 500.911494
0, 502.748353
0, 505.871013
0, 506.973129
0, 505.319956
0, 504.401526
0, 506.238385
0, 504.034154
0, 503.299411
0, 502.013609
0, 503.666782
0, 506.054699
0, 505.687327
0, 506.422071
0, 506.422071
0, 506.054699
0, 505.871013
0, 503.299411
0, 502.932039
0, 505.136270
0, 503.666782
0, 506.605757
0, 506.605757
0, 504.034154
0, 506.422071
0, 502.380981
0, 502.564667
0, 506.605757
0, 504.034154
0, 507.707873
0, 503.483096
0, 503.850468
0, 504.401526
0, 501.278865
0, 503.850468
0, 503.666782
0, 502.564667
0, 500.176750
0, 500.727808
0, 501.829923
0, 502.380981
0, 500.176750
0, 500.727808
0, 501.829923
0, 500.727808
0, 503.483096
0, 503.850468
0, 501.462551
0, 502.748353
0, 505.136270
1250, 505.136270
1250, 503.850468
1250, 500.360436
1250, 506.054699
1250, 508.809988
1250, 505.503642
1250, 501.829923
1250, 502.932039
1250, 505.503642
1250, 504.217840
1250, 503.483096
1250, 506.973129
1250, 506.422071
1250, 508.075244
1250, 505.319956
1250, 505.871013
1250, 505.687327
1250, 502.380981
1250, 506.973129
1250, 507.707873
1250, 506.238385
1250, 505.687327
1250, 506.054699
1250, 509.177360
1250, 506.605757
1250, 505.871013
1250, 503.850468
1250, 504.217840
1250, 505.503642
1250, 504.217840
1250, 504.401526
1250, 503.115725
1250, 504.768898
1250, 506.605757
1250, 504.401526
1250, 501.095180
1250, 501.829923
1250, 502.380981
1250, 503.115725
1250, 502.380981
1250, 501.278865
1250, 505.136270
1250, 504.585212
1250, 505.871013
1250, 503.850468
1250, 502.013609
1250, 504.401526
1250, 503.115725
1250, 502.197295
1250, 504.952584
1250, 502.932039
1250, 504.217840
1250, 504.401526
1250, 504.217840
1250, 503.666782
1250, 504.952584
1250, 505.319956
1250, 503.666782
1250, 503.299411
1250, 504.401526
1250, 504.952584
1250, 505.136270
1250, 505.136270
1250, 502.932039
1250, 505.871013
1250, 506.789443
1250, 507.340501
1250, 504.768898
1250, 504.952584
1250, 505.319956
1250, 505.319956
1250, 508.075244
1250, 504.768898
1250, 505.319956
1250, 505.319956
1250, 504.952584
1250, 505.319956
1250, 504.217840
1250, 501.462551
1250, 506.054699
1250, 506.238385
1250, 506.054699
1250, 501.646237
1250, 500.360436
1250, 502.197295
1250, 503.850468
1250, 499.258320
1250, 502.932039
1250, 502.748353
1250, 501.829923
1250, 502.748353
1250, 502.197295
1250, 501.095180
1250, 504.034154
1250, 502.564667
1250, 504.034154
1250, 501.462551
1250, 503.115725
1250, 507.340501
1250, 505.503642
1250, 502.380981
1250, 499.809378
1250, 500.911494
1250, 504.034154
1250, 503.850468
1250, 504.768898
1250, 504.034154
1250, 503.299411
1250, 506.238385
1250, 505.319956
1250, 506.238385
1250, 505.503642
1250, 504.768898
1250, 506.422071
1250, 505.136270
1250, 504.768898
1250, 506.973129
1250, 505.136270
1250, 504.768898
1250, 504.401526
1250, 506.789443
1250, 507.707873
1250, 508.075244
1250, 507.891558
1250, 505.687327
1250, 506.973129
1250, 503.850468
1250, 502.932039
1250, 504.585212
1250, 506.054699
1250, 506.422071
1250, 505.503642
1250, 506.238385
1250, 504.585212
1250, 504.401526
1250, 501.646237
1250, 502.380981
1250, 505.136270
1250, 501.646237
1250, 502.748353
1250, 501.278865
1250, 501.095180
1250, 502.932039
1250, 504.401526
1250, 503.483096
1250, 503.115725
1250, 501.829923
1250, 501.829923
1250, 502.748353
1250, 503.666782
1250, 504.768898
1250, 505.319956
1250, 505.136270
1250, 503.666782
1250, 504.768898
1250, 507.156815
1250, 507.340501
1250, 504.217840
1250, 500.544122
1250, 503.666782
1250, 503.483096
1250, 504.585212
1250, 506.973129
1250, 506.238385
1250, 508.258930
1250, 504.585212
1250, 504.401526
1250, 507.524187
1250, 508.075244
1250, 505.871013
1250, 504.034154
1250, 505.687327
1250, 506.054699
1250, 505.687327
1250, 504.401526
1250, 503.299411
1250, 505.319956
1250, 502.564667
1250, 501.278865
1250, 500.727808
1250, 505.503642
1250, 503.850468
1250, 504.401526
1250, 505.503642
1250, 502.748353
1250, 498.523577
1250, 500.727808
1250, 501.095180
1250, 501.462551
1250, 504.401526
1250, 502.380981
1250, 502.380981
1250, 504.768898
1250, 502.932039
1250, 503.299411
1250, 502.932039
1250, 501.829923
1250, 504.034154
1250, 502.013609
1250, 502.013609
1250, 501.462551
1250, 505.503642
1250, 504.585212
1250, 503.299411
1250, 503.299411
1250, 504.034154
1250, 503.299411
1250, 505.319956
1250, 504.585212
1250, 504.952584
1250, 507.156815
1250, 505.687327
1250, 505.136270
1250, 504.217840
1250, 506.973129
1250, 508.075244
1250, 504.217840
1250, 508.442616
1250, 506.605757
1250, 506.422071
1250, 507.524187
1250, 506.054699
1250, 503.666782
1250, 505.503642
1250, 505.871013
1250, 504.585212
1250, 504.034154
1250, 504.952584
1250, 504.401526
1250, 503.483096
1250, 502.380981
1250, 505.503642
1250, 505.503642
1250, 506.238385
1250, 506.973129
1250, 502.932039
1250, 500.727808
1250, 502.564667
1250, 501.462551
1250, 502.380981
1250, 498.156205
1250, 500.176750
1250, 501.462551
1250, 502.564667
1250, 506.238385
1250, 503.115725
1250, 504.585212
1250, 503.666782
1250, 502.197295
1250, 506.054699
1250, 504.401526
1250, 502.197295
1250, 504.768898
1250, 504.952584
1250, 502.013609
1250, 501.829923
1250, 502.564667
1250, 504.034154
1250, 505.503642
1250, 507.524187
1250, 503.850468
1250, 506.789443
1250, 505.319956
1250, 506.422071
1250, 505.687327
1250, 505.687327
1250, 505.871013
1250, 504.952584
1250, 502.013609
1250, 502.932039
1250, 505.319956
1250, 506.422071
1250, 506.973129
1250, 508.442616
1250, 507.340501
1250, 504.034154
1250, 504.585212
1250, 503.299411
1250, 504.952584
1250, 503.483096
1250, 503.850468
1250, 501.829923
1250, 504.585212
1250, 502.013609
1250, 500.911494
1250, 500.727808
1250, 505.319956
1250, 502.564667
1250, 498.339891
1250, 501.278865
1250, 503.850468
1250, 504.034154
1250, 501.278865
1250, 500.911494
1250, 500.911494
1250, 501.646237
1250, 503.666782
1250, 503.850468
1250, 505.503642
1250, 506.973129
1250, 504.952584
1250, 500.727808
1250, 499.809378
1250, 502.380981
1250, 501.095180
1250, 502.932039
1250, 504.401526
1250, 506.054699
1250, 507.707873
1250, 504.768898
1250, 506.789443
1250, 504.217840
1250, 506.054699
1250, 504.952584
1250, 506.422071
1250, 506.054699
1250, 506.605757
1250, 504.401526
1250, 503.483096
1250, 507.156815
1250, 507.340501
1250, 507.156815
1250, 503.483096
1250, 504.952584
1250, 510.095789
1250, 507.707873
1250, 505.687327
1250, 505.871013
1250, 504.034154
1250, 504.768898
1250, 503.299411
1250, 503.299411
1250, 503.483096
1250, 507.524187
1250, 502.013609
1250, 500.176750
1250, 503.666782
1250, 502.380981
1250, 503.666782
1250, 502.013609
1250, 504.768898
1250, 501.829923
1250, 505.503642
1250, 504.585212
1250, 503.850468
1250, 503.483096
1250, 506.238385
1250, 504.034154
1250, 504.034154
1250, 506.054699
1250, 502.748353
1250, 504.217840
1250, 504.401526
1250, 504.034154
1250, 504.768898
1250, 502.013609
1250, 503.850468
1250, 504.034154
1250, 504.401526
1250, 503.850468
1250, 505.136270
1250, 505.687327
1250, 507.156815
1250, 507.707873
1250, 504.952584
1250, 505.319956
1250, 505.319956
1250, 505.319956
1250, 505.319956
1250, 505.871013
1250, 506.605757
1250, 506.422071
1250, 508.075244
1250, 506.054699
1250, 504.217840
1250, 499.993064
1250, 501.829923
1250, 506.605757
1250, 503.666782
1250, 503.483096
1250, 503.666782
1250, 503.115725
1250, 503.850468
1250, 502.013609
1250, 500.727808
1250, 499.809378
1250, 503.115725
1250, 502.013609
1250, 499.809378
1250, 502.013609
1250, 502.380981
1250, 503.299411
1250, 505.687327
1250, 502.748353
1250, 498.156205
1250, 502.197295
1250, 501.278865
1250, 504.401526
1250, 501.646237
1250, 503.115725
1250, 506.422071
1250, 504.952584
1250, 505.136270
1250, 503.115725
1250, 501.462551
1250, 504.952584
1250, 503.115725
1250, 504.585212
1250, 504.217840
1250, 502.380981
1250, 505.319956
1250, 506.054699
1250, 505.687327
1250, 506.973129
1250, 507.156815
1250, 504.952584
1250, 503.299411
1250, 506.238385
1250, 505.319956
1250, 506.054699
1250, 506.238385
1250, 507.891558
1250, 504.952584
1250, 508.442616
1250, 507.156815
1250, 507.707873
1250, 506.605757
1250, 503.299411
1250, 506.238385
1250, 505.503642
1250, 503.850468
1250, 506.422071
1250, 505.136270
1250, 503.666782
1250, 502.564667
1250, 504.401526
1250, 504.217840
1250, 502.013609
1250, 502.013609
1250, 501.462551
1250, 504.034154
1250, 499.442006
1250, 505.687327
1250, 502.748353
1250, 501.646237
1250, 502.564667
1250, 504.768898
1250, 503.115725
1250, 505.136270
1250, 505.503642
1250, 506.422071
1250, 503.483096
1250, 504.585212
1250, 505.319956
1250, 505.871013
1250, 504.952584
1250, 501.462551
1250, 505.503642
1250, 503.299411
1250, 502.197295
1250, 505.503642
1250, 504.768898
1250, 505.319956
1250, 506.238385
1250, 504.401526
1250, 506.238385
1250, 505.136270
1250, 505.503642
1250, 505.871013
1250, 503.666782
1250, 505.503642
1250, 505.687327
1250, 503.483096
1250, 506.973129
1250, 505.503642
1250, 503.115725
1250, 504.401526
1250, 503.299411
1250, 503.299411
1250, 507.156815
1250, 506.605757
1250, 503.666782
1250, 502.380981
1250, 502.932039
1250, 504.768898
1250, 502.932039
1250, 502.932039
1250, 502.932039
1250, 499.074634
1250, 501.095180
1250, 502.380981
1250, 500.544122
1250, 501.095180
1250, 504.952584
1250, 504.952584
1250, 501.646237
1250, 500.544122
1250, 504.952584
1250, 506.238385
1250, 504.034154
1250, 504.585212
1250, 501.278865
1250, 501.829923
1250, 506.054699
1250, 504.585212
1250, 504.768898
1250, 504.034154
1250, 504.952584
1250, 503.850468
1250, 505.136270
1250, 505.503642
1250, 506.605757
1250, 505.871013
1250, 506.973129
1250, 506.605757
1250, 505.503642
1250, 506.422071
1250, 506.605757
1250, 505.136270
1250, 506.973129
1250, 506.422071
1250, 508.809988
1250, 506.238385
1250, 505.503642
1250, 508.809988
1250, 504.401526
1250, 507.340501
1250, 505.871013
1250, 504.952584
1250, 506.054699
1250, 504.217840
1250, 504.585212
1250, 503.666782
1250, 498.890949
1250, 501.829923
1250, 505.136270
1250, 502.564667
1250, 502.380981
1250, 503.115725
1250, 501.829923
1250, 503.115725
1250, 503.850468
1250, 504.217840
1250, 501.829923
1250, 504.585212
1250, 506.973129
1250, 501.829923
1250, 501.278865
1250, 504.217840
1250, 506.054699
1250, 502.564667
1250, 499.809378
1250, 501.095180
1250, 506.054699
1250, 505.871013
1250, 506.054699
1250, 504.952584
1250, 504.034154
1250, 506.605757
1250, 505.319956
1250, 504.585212
1250, 502.197295
1250, 504.034154
1250, 506.973129
1250, 507.707873
1250, 504.401526
1250, 504.585212
1250, 508.075244
1250, 505.687327
1250, 505.503642
1250, 506.054699
1250, 506.422071
1250, 506.238385
1250, 505.871013
1250, 506.605757
1250, 504.585212
1250, 501.095180
1250, 501.462551
1250, 505.136270
1250, 504.217840
1250, 507.156815
1250, 501.095180
1250, 503.666782
1250, 505.319956
1250, 505.503642
1250, 501.829923
1250, 500.911494
1250, 501.829923
1250, 499.625692
1250, 499.074634
1250, 501.095180
1250, 503.850468
1250, 501.646237
1250, 501.462551
1250, 500.544122
1250, 502.380981
1250, 502.380981
1250, 502.932039
1250, 503.115725
1250, 506.422071
1250, 505.319956
1250, 502.748353
1250, 504.034154
1250, 504.217840
1250, 503.850468
1250, 503.115725
1250, 504.585212
1250, 503.483096
1250, 504.585212
1250, 504.768898
1250, 505.136270
1250, 504.034154
1250, 503.483096
1250, 504.401526
1250, 507.340501
1250, 506.422071
1250, 504.034154
1250, 506.605757
1250, 505.687327
1250, 506.973129
1250, 506.789443
1250, 506.054699
1250, 504.952584
1250, 506.973129
1250, 505.319956
1250, 509.544732
1250, 505.687327
1250, 501.646237
1250, 504.585212
1250, 502.013609
1250, 506.605757
1250, 508.442616
1250, 505.319956
1250, 503.666782
1250, 503.483096
1250, 502.748353
1250, 501.829923
1250, 506.054699
1250, 504.585212
1250, 500.911494
1250, 502.564667
1250, 504.768898
1250, 502.564667
1250, 501.646237
1250, 502.380981
1250, 502.748353
1250, 503.483096
1250, 503.483096
1250, 504.217840
1250, 504.952584
1250, 502.748353
1250, 507.156815
1250, 506.238385
1250, 504.952584
1250, 504.217840
1250, 503.666782
1250, 502.748353
1250, 504.034154
1250, 503.850468
1250, 507.707873
1250, 501.829923
1250, 499.809378
1250, 504.585212
1250, 509.177360
1250, 507.340501
1250, 505.319956
1250, 502.748353
1250, 506.605757
1250, 505.503642
1250, 506.973129
1250, 503.666782
1250, 504.401526
1250, 505.503642
1250, 504.952584
1250, 505.503642
1250, 505.687327
1250, 503.299411
1250, 501.278865
1250, 505.503642
1250, 506.973129
1250, 502.380981
1250, 502.748353
1250, 504.401526
1250, 504.585212
1250, 501.095180
1250, 499.625692
1250, 503.666782
1250, 501.829923
1250, 501.095180
1250, 500.544122
1250, 500.727808
1250, 501.095180
1250, 501.462551
1250, 501.278865
1250, 502.197295
1250, 501.278865
1250, 503.850468
1250, 504.768898
1250, 503.115725
1250, 502.932039
1250, 506.054699
1250, 504.952584
1250, 502.564667
1250, 506.238385
1250, 500.727808
1250, 501.646237
1250, 503.483096
1250, 504.034154
1250, 504.768898
1250, 504.034154
1250, 502.932039
1250, 505.503642
1250, 504.401526
1250, 505.319956
1250, 505.319956
1250, 507.524187
1250, 504.401526
1250, 505.503642
1250, 508.075244
1250, 506.789443
1250, 502.932039
1250, 505.871013
1250, 508.809988
1250, 507.156815
1250, 504.217840
1250, 506.789443
1250, 508.258930
1250, 504.034154
1250, 504.952584
1250, 505.503642
1250, 502.748353
1250, 504.585212
1250, 507.707873
1250, 503.483096
1250, 500.544122
1250, 504.401526
1250, 503.850468
1250, 503.299411
1250, 502.380981
1250, 506.789443
1250, 502.932039
1250, 501.278865
1250, 502.932039
1250, 502.748353
1250, 503.115725
1250, 507.524187
1250, 501.646237
1250, 504.952584
1250, 504.034154
1250, 504.585212
1250, 504.034154
1250, 505.687327
1250, 502.748353
1250, 504.768898
1250, 503.666782
1250, 506.422071
1250, 503.299411
1250, 504.952584
1250, 504.217840
1250, 504.585212
1250, 506.605757
1250, 507.156815
1250, 504.768898
1250, 505.871013
1250, 506.789443
1250, 503.850468
1250, 503.299411
1250, 505.503642
1250, 507.891558
1250, 507.707873
1250, 506.054699
1250, 502.380981
1250, 504.217840
1250, 506.789443
1250, 507.156815
1250, 504.585212
1250, 503.299411
1250, 506.054699
1250, 507.156815
1250, 504.217840
1250, 502.932039
1250, 503.115725
1250, 502.380981
1250, 503.115725
1250, 503.850468
1250, 501.829923
1250, 503.850468
1250, 503.299411
1250, 501.829923
1250, 502.013609
1250, 502.380981
1250, 501.278865
1250, 503.115725
1250, 506.973129
1250, 502.564667
1250, 499.258320
1250, 504.217840
1250, 503.483096
1250, 503.666782
1250, 501.095180
1250, 503.115725
1250, 504.034154
1250, 504.034154
1250, 505.687327
1250, 503.115725
1250, 502.013609
1250, 503.483096
1250, 503.299411
1250, 503.850468
1250, 505.136270
1250, 505.503642
1250, 504.034154
1250, 504.952584
1250, 504.034154
1250, 505.503642
1250, 506.422071
1250, 506.238385
1250, 503.115725
1250, 507.340501
1250, 506.238385
1250, 507.707873
1250, 509.177360
1250, 508.809988
1250, 505.136270
1250, 506.238385
1250, 506.054699
1250, 508.993674
1250, 504.217840
1250, 504.768898
1250, 501.829923
1250, 505.871013
1250, 504.034154
1250, 502.932039
1250, 504.217840
1250, 504.768898
1250, 501.829923
1250, 501.646237
1250, 500.911494
1250, 502.380981
1250, 502.748353
1250, 504.768898
1250, 501.646237
1250, 501.829923
1250, 504.401526
1250, 505.871013
1250, 506.605757
1250, 503.850468
1250, 501.278865
1250, 502.197295
1250, 504.585212
1250, 506.054699
1250, 506.054699
1250, 501.278865
1250, 502.197295
1250, 506.054699
1250, 507.156815
1250, 504.585212
1250, 502.932039
1250, 501.462551
1250, 506.238385
1250, 504.217840
1250, 503.666782
1250, 504.217840
1250, 506.422071
1250, 506.973129
1250, 506.605757
1250, 506.238385
1250, 505.687327
1250, 503.666782
1250, 503.850468
1250, 506.054699
1250, 504.952584
1250, 506.973129
1250, 506.789443
1250, 504.952584
1250, 504.768898
1250, 504.401526
1250, 505.687327
1250, 501.829923
1250, 504.585212
1250, 502.748353
1250, 504.401526
1250, 503.850468
1250, 504.034154
1250, 503.299411
1250, 501.829923
1250, 504.217840
1250, 501.829923
1250, 501.278865
1250, 502.380981
1250, 501.646237
1250, 502.932039
1250, 502.013609
1250, 503.850468
1250, 500.911494
1250, 499.442006
1250, 503.483096
1250, 503.115725
1250, 502.197295
1250, 505.319956
1250, 503.850468
1250, 502.932039
1250, 505.503642
1250, 504.952584
1250, 503.483096
1250, 504.401526
1250, 505.319956
1250, 502.748353
1250, 503.850468
1250, 502.932039
1250, 504.217840
1250, 504.768898
1250, 508.626302
1250, 506.422071
1250, 505.319956
1250, 503.115725
1250, 508.075244
1250, 507.707873
1250, 505.136270
1250, 503.115725
1250, 506.605757
1250, 508.075244
1250, 507.891558
1250, 505.871013
1250, 503.666782
1250, 504.952584
1250, 503.483096
1250, 504.034154
1250, 503.115725
1250, 504.585212
1250, 502.932039
1250, 504.217840
1250, 503.299411
1250, 505.871013
1250, 504.217840
1250, 501.646237
1250, 503.299411
1250, 504.217840
1250, 500.727808
1250, 501.095180
1250, 505.319956
1250, 504.034154
1250, 505.503642
1250, 501.095180
1250, 499.625692
1250, 503.850468
1250, 503.666782
1250, 504.952584
1250, 502.013609
1250, 504.217840
1250, 503.483096
1250, 507.524187
1250, 502.197295
1250, 502.748353
1250, 502.197295
1250, 504.401526
1250, 501.829923
1250, 503.850468
1250, 504.768898
1250, 503.115725
1250, 502.564667
1250, 505.319956
1250, 507.524187
1250, 508.809988
1250, 502.564667
1250, 501.095180
1250, 506.973129
1250, 505.136270
1250, 507.891558
1250, 507.891558
1250, 507.340501
1250, 508.258930
1250, 501.829923
1250, 502.932039
1250, 502.380981
1250, 503.299411
1250, 506.605757
1250, 505.503642
1250, 503.299411
1250, 504.401526
1250, 503.115725
1250, 503.299411
1250, 503.115725
1250, 504.034154
1250, 505.136270
1250, 502.197295
1250, 499.993064
1250, 501.095180
1250, 499.993064
1250, 501.095180
1250, 499.258320
1250, 499.809378
1250, 502.013609
1250, 502.197295
1250, 504.768898
1250, 503.299411
1250, 505.503642
1250, 503.115725
1250, 500.727808
1250, 503.115725
1250, 504.585212
1250, 502.013609
1250, 503.666782
1250, 506.054699
1250, 504.768898
1250, 502.932039
1250, 506.973129
1250, 505.136270
1250, 504.401526
1250, 504.217840
1250, 504.952584
1250, 504.034154
1250, 505.319956
1250, 506.422071
1250, 504.952584
1250, 505.871013
1250, 508.626302
1250, 507.891558
1250, 505.687327
1250, 506.789443
1250, 506.973129
1250, 510.646847
1250, 506.973129
1250, 504.401526
1250, 504.034154
1250, 504.952584
1250, 505.319956
1250, 505.687327
1250, 504.401526
1250, 504.401526
1250, 506.054699
1250, 505.687327
1250, 504.401526
1250, 506.054699
1250, 505.687327
1250, 503.483096
1250, 503.115725
1250, 504.401526
1250, 502.013609
1250, 498.156205
1250, 501.462551
1250, 504.217840
1250, 503.850468
1250, 502.748353
1250, 504.034154
1250, 504.217840
1250, 502.748353
1250, 503.666782
1250, 503.850468
1250, 503.299411
1250, 503.483096
1250, 505.503642
1250, 503.666782
1250, 503.115725
1250, 504.034154
1250, 505.503642
1250, 505.687327
1250, 501.646237
1250, 502.380981
1250, 506.789443
1250, 506.238385
1250, 507.891558
1250, 505.319956
1250, 503.483096
1250, 505.503642
1250, 504.217840
1250, 503.299411
1250, 504.768898
1250, 504.952584
1250, 505.503642
1250, 507.707873
1250, 506.422071
1250, 505.319956
1250, 504.401526
1250, 505.687327
1250, 506.238385
1250, 504.952584
1250, 502.380981
1250, 501.829923
1250, 504.034154
1250, 504.401526
1250, 502.748353
1250, 504.217840
1250, 506.238385
1250, 502.748353
1250, 499.625692
1250, 502.564667
1250, 503.483096
1250, 504.034154
1250, 500.727808
1250, 501.095180
1250, 502.564667
1250, 502.013609
1250, 502.932039
1250, 502.013609
1250, 501.829923
1250, 503.299411
1250, 503.483096
1250, 503.666782
1250, 504.768898
1250, 501.095180
1250, 505.871013
1250, 505.871013
1250, 502.932039
1250, 506.238385
1250, 504.034154
1250, 502.564667
1250, 501.095180
1250, 504.585212
1250, 507.524187
1250, 505.136270
1250, 506.422071
1250, 508.258930
1250, 510.279475
1250, 509.912103
1250, 504.585212
1250, 504.952584
1250, 504.585212
1250, 504.401526
1250, 506.238385
1250, 508.626302
1250, 507.156815
1250, 505.871013
1250, 507.891558
1250, 506.789443
1250, 503.299411
1250, 506.238385
1250, 505.687327
1250, 504.034154
1250, 505.871013
1250, 500.727808
1250, 504.217840
1250, 507.340501
1250, 504.217840
1250, 503.850468
1250, 500.911494
1250, 503.850468
1250, 501.829923
1250, 503.299411
1250, 501.829923
1250, 501.278865
1250, 501.829923
1250, 503.666782
1250, 501.095180
1250, 502.380981
1250, 506.789443
1250, 504.768898
1250, 503.850468
1250, 502.564667
1250, 504.401526
1250, 504.585212
1250, 504.768898
1250, 506.605757
1250, 502.197295
1250, 502.197295
1250, 503.850468
1250, 502.197295
1250, 505.503642
1250, 506.973129
1250, 505.503642
1250, 506.238385
1250, 504.401526
1250, 503.666782
1250, 502.932039
1250, 506.238385
1250, 506.789443
1250, 506.973129
1250, 504.401526
1250, 503.666782
1250, 503.666782
1250, 504.034154
1250, 505.687327
1250, 506.605757
1250, 506.605757
1250, 504.952584
1250, 506.238385
1250, 504.952584
1250, 501.646237
1250, 503.666782
1250, 504.401526
1250, 504.952584
1250, 502.380981
1250, 504.585212
1250, 502.748353
1250, 502.564667
1250, 504.401526
1250, 501.462551
1250, 499.074634
1250, 500.544122
1250, 503.299411
1250, 502.932039
1250, 499.809378
1250, 498.890949
1250, 503.115725
1250, 506.422071
1250, 502.564667
1250, 500.544122
1250, 502.932039
1250, 502.013609
1250, 502.380981
1250, 504.401526
1250, 504.217840
1250, 503.483096
1250, 506.422071
1250, 504.952584
1250, 506.238385
1250, 502.932039
1250, 503.299411
1250, 505.319956
1250, 505.503642
1250, 504.401526
1250, 503.299411
1250, 504.034154
1250, 506.973129
1250, 506.238385
1250, 505.136270
1250, 504.952584
1250, 510.830533
1250, 509.728418
1250, 504.034154
1250, 503.299411
1250, 508.075244
1250, 507.156815
1250, 506.054699
1250, 504.034154
1250, 506.238385
1250, 507.524187
1250, 504.952584
1250, 506.422071
1250, 503.483096
1250, 505.503642
1250, 504.034154
1250, 503.666782
1250, 504.217840
1250, 501.646237
1250, 500.911494
1250, 503.483096
1250, 504.585212
1250, 504.401526
1250, 502.197295
1250, 503.483096
1250, 501.646237
1250, 501.462551
1250, 502.564667
1250, 503.666782
1250, 507.156815
1250, 504.768898
1250, 502.197295
1250, 502.748353
1250, 504.952584
2500, 505.319956
2500, 504.952584
2500, 504.034154
2500, 503.850468
2500, 505.136270
2500, 502.197295
2500, 503.115725
2500, 504.401526
2500, 504.034154
2500, 503.666782
2500, 505.503642
2500, 505.871013
2500, 505.871013
2500, 504.768898
2500, 503.666782
2500, 502.932039
2500, 506.973129
2500, 505.319956
2500, 508.075244
2500, 506.605757
2500, 507.707873
2500, 507.891558
2500, 503.850468
2500, 504.768898
2500, 505.687327
2500, 505.687327
2500, 502.932039
2500, 502.748353
2500, 500.360436
2500, 503.666782
2500, 501.829923
2500, 501.278865
2500, 504.034154
2500, 502.564667
2500, 499.625692
2500, 503.666782
2500, 502.564667
2500, 501.646237
2500, 499.442006
2500, 504.217840
2500, 507.891558
2500, 504.585212
2500, 501.278865
2500, 501.829923
2500, 503.299411
2500, 504.401526
2500, 502.564667
2500, 502.748353
2500, 502.013609
2500, 505.503642
2500, 504.585212
2500, 504.585212
2500, 502.932039
2500, 503.483096
2500, 503.666782
2500, 505.503642
2500, 504.768898
2500, 503.299411
2500, 504.034154
2500, 506.973129
2500, 506.238385
2500, 503.850468
2500, 503.115725
2500, 504.401526
2500, 508.626302
2500, 508.993674
2500, 505.871013
2500, 507.891558
2500, 507.340501
2500, 506.605757
2500, 505.871013
2500, 506.422071
2500, 507.156815
2500, 507.707873
2500, 504.401526
2500, 503.115725
2500, 507.156815
2500, 502.197295
2500, 506.973129
2500, 506.422071
2500, 504.768898
2500, 504.952584
2500, 506.605757
2500, 503.666782
2500, 503.850468
2500, 503.299411
2500, 501.462551
2500, 499.809378
2500, 502.748353
2500, 501.095180
2500, 503.115725
2500, 504.952584
2500, 503.299411
2500, 503.115725
2500, 501.829923
2500, 501.095180
2500, 502.932039
2500, 505.136270
2500, 504.585212
2500, 503.115725
2500, 505.503642
2500, 506.422071
2500, 502.748353
2500, 503.483096
2500, 502.748353
2500, 505.136270
2500, 505.136270
2500, 501.646237
2500, 502.197295
2500, 502.748353
2500, 503.850468
2500, 508.809988
2500, 506.238385
2500, 507.156815
2500, 503.850468
2500, 508.075244
2500, 506.973129
2500, 505.687327
2500, 505.687327
2500, 505.687327
2500, 506.238385
2500, 507.340501
2500, 506.422071
2500, 504.217840
2500, 506.605757
2500, 503.299411
2500, 503.483096
2500, 504.034154
2500, 504.217840
2500, 503.850468
2500, 500.544122
2500, 504.217840
2500, 503.666782
2500, 503.850468
2500, 502.932039
2500, 502.013609
2500, 501.095180
2500, 502.380981
2500, 503.115725
2500, 502.932039
2500, 501.462551
2500, 500.911494
2500, 503.115725
2500, 502.564667
2500, 504.217840
2500, 503.666782
2500, 502.564667
2500, 504.034154
2500, 503.666782
2500, 506.422071
2500, 502.380981
2500, 503.299411
2500, 505.319956
2500, 505.871013
2500, 501.462551
2500, 505.687327
2500, 503.483096
2500, 502.748353
2500, 504.952584
2500, 506.238385
2500, 504.034154
2500, 505.687327
2500, 504.401526
2500, 506.789443
2500, 506.605757
2500, 506.789443
2500, 504.768898
2500, 506.238385
2500, 508.626302
2500, 507.156815
2500, 508.993674
2500, 509.177360
2500, 509.177360
2500, 509.728418
2500, 507.340501
2500, 504.034154
2500, 505.319956
2500, 506.605757
2500, 505.136270
2500, 506.054699
2500, 505.687327
2500, 501.646237
2500, 502.197295
2500, 506.973129
2500, 504.034154
2500, 502.197295
2500, 500.176750
2500, 498.156205
2500, 502.932039
2500, 503.850468
2500, 504.217840
2500, 503.483096
2500, 504.217840
2500, 502.380981
2500, 506.973129
2500, 503.666782
2500, 504.034154
2500, 504.768898
2500, 505.503642
2500, 504.034154
2500, 499.993064
2500, 503.483096
2500, 504.217840
2500, 502.748353
2500, 502.380981
2500, 502.748353
2500, 504.768898
2500, 503.483096
2500, 504.401526
2500, 502.932039
2500, 505.319956
2500, 506.422071
2500, 504.768898
2500, 505.503642
2500, 502.932039
2500, 506.422071
2500, 506.422071
2500, 504.768898
2500, 505.136270
2500, 505.503642
2500, 508.075244
2500, 505.503642
2500, 507.707873
2500, 505.319956
2500, 502.748353
2500, 502.932039
2500, 504.034154
2500, 504.952584
2500, 503.850468
2500, 503.299411
2500, 503.666782
2500, 500.911494
2500, 502.380981
2500, 503.850468
2500, 499.809378
2500, 504.034154
2500, 501.095180
2500, 499.993064
2500, 501.095180
2500, 502.197295
2500, 501.829923
2500, 500.360436
2500, 502.380981
2500, 502.380981
2500, 502.380981
2500, 504.585212
2500, 502.748353
2500, 500.544122
2500, 502.197295
2500, 501.829923
2500, 502.748353
2500, 501.829923
2500, 501.829923
2500, 502.564667
2500, 504.952584
2500, 505.319956
2500, 501.095180
2500, 502.748353
2500, 503.483096
2500, 508.075244
2500, 506.789443
2500, 504.768898
2500, 505.687327
2500, 508.809988
2500, 506.789443
2500, 504.034154
2500, 506.238385
2500, 505.871013
2500, 506.973129
2500, 505.871013
2500, 508.258930
2500, 507.707873
2500, 506.605757
2500, 505.136270
2500, 507.524187
2500, 506.605757
2500, 504.217840
2500, 507.524187
2500, 506.238385
2500, 503.666782
2500, 498.890949
2500, 499.258320
2500, 504.768898
2500, 506.605757
2500, 503.299411
2500, 501.095180
2500, 502.564667
2500, 502.932039
2500, 504.768898
2500, 504.952584
2500, 502.380981
2500, 502.748353
2500, 503.115725
2500, 502.197295
2500, 504.401526
2500, 508.626302
2500, 505.319956
2500, 504.034154
2500, 502.748353
2500, 503.850468
2500, 503.115725
2500, 505.687327
2500, 502.748353
2500, 504.768898
2500, 501.829923
2500, 503.299411
2500, 507.340501
2500, 503.115725
2500, 506.973129
2500, 504.768898
2500, 501.462551
2500, 504.768898
2500, 507.156815
2500, 505.687327
2500, 504.768898
2500, 506.238385
2500, 504.585212
2500, 507.156815
2500, 507.707873
2500, 502.932039
2500, 504.952584
2500, 506.605757
2500, 504.952584
2500, 504.034154
2500, 503.666782
2500, 505.871013
2500, 506.789443
2500, 505.871013
2500, 504.585212
2500, 500.360436
2500, 501.095180
2500, 504.952584
2500, 502.748353
2500, 503.299411
2500, 503.483096
2500, 502.013609
2500, 504.401526
2500, 501.829923
2500, 501.646237
2500, 502.380981
2500, 503.850468
2500, 502.564667
2500, 502.380981
2500, 500.176750
2500, 501.278865
2500, 503.483096
2500, 506.605757
2500, 500.727808
2500, 501.646237
2500, 503.850468
2500, 506.422071
2500, 505.319956
2500, 502.013609
2500, 502.564667
2500, 504.401526
2500, 504.585212
2500, 504.217840
2500, 503.299411
2500, 502.932039
2500, 504.217840
2500, 504.217840
2500, 506.973129
2500, 508.442616
2500, 505.871013
2500, 507.156815
2500, 505.687327
2500, 505.136270
2500, 505.503642
2500, 505.503642
2500, 505.687327
2500, 507.156815
2500, 507.524187
2500, 504.217840
2500, 508.626302
2500, 506.789443
2500, 506.422071
2500, 503.299411
2500, 503.850468
2500, 506.238385
2500, 507.340501
2500, 504.401526
2500, 504.585212
2500, 501.462551
2500, 502.013609
2500, 502.932039
2500, 503.850468
2500, 500.911494
2500, 502.932039
2500, 503.666782
2500, 503.483096
2500, 504.217840
2500, 504.401526
2500, 504.768898
2500, 503.299411
2500, 506.422071
2500, 504.952584
2500, 502.380981
2500, 504.217840
2500, 506.054699
2500, 502.748353
2500, 502.380981
2500, 503.299411
2500, 504.768898
2500, 502.932039
2500, 504.585212
2500, 502.380981
2500, 504.217840
2500, 503.850468
2500, 504.952584
2500, 504.585212
2500, 507.156815
2500, 506.238385
2500, 504.401526
2500, 507.156815
2500, 507.707873
2500, 503.299411
2500, 503.115725
2500, 505.871013
2500, 504.952584
2500, 504.401526
2500, 506.605757
2500, 507.156815
2500, 506.605757
2500, 505.503642
2500, 501.278865
2500, 502.013609
2500, 503.850468
2500, 502.564667
2500, 502.564667
2500, 504.034154
2500, 504.585212
2500, 503.850468
2500, 503.666782
2500, 502.932039
2500, 503.850468
2500, 502.013609
2500, 500.727808
2500, 500.727808
2500, 502.197295
2500, 501.278865
2500, 503.299411
2500, 505.503642
2500, 504.585212
2500, 501.278865
2500, 500.727808
2500, 505.136270
2500, 502.380981
2500, 501.462551
2500, 501.462551
2500, 503.299411
2500, 502.748353
2500, 501.462551
2500, 503.483096
2500, 504.585212
2500, 504.401526
2500, 504.768898
2500, 504.401526
2500, 503.850468
2500, 503.666782
2500, 503.483096
2500, 503.850468
2500, 504.768898
2500, 506.238385
2500, 505.136270
2500, 506.054699
2500, 506.789443
2500, 508.258930
2500, 504.401526
2500, 503.483096
2500, 508.993674
2500, 508.442616
2500, 509.361046
2500, 504.952584
2500, 508.258930
2500, 507.340501
2500, 508.258930
2500, 504.585212
2500, 505.136270
2500, 505.319956
2500, 504.217840
2500, 504.585212
2500, 505.319956
2500, 505.319956
2500, 502.932039
2500, 503.850468
2500, 504.034154
2500, 502.564667
2500, 503.115725
2500, 502.564667
2500, 505.871013
2500, 502.197295
2500, 502.564667
2500, 501.095180
2500, 503.299411
2500, 506.789443
2500, 503.850468
2500, 504.034154
2500, 503.299411
2500, 502.197295
2500, 503.115725
2500, 502.748353
2500, 502.564667
2500, 501.646237
2500, 505.136270
2500, 504.768898
2500, 505.319956
2500, 503.666782
2500, 504.034154
2500, 504.585212
2500, 503.850468
2500, 505.319956
2500, 504.768898
2500, 506.054699
2500, 506.238385
2500, 506.422071
2500, 504.034154
2500, 506.054699
2500, 508.258930
2500, 506.605757
2500, 504.401526
2500, 504.034154
2500, 504.952584
2500, 503.299411
2500, 507.340501
2500, 504.585212
2500, 503.115725
2500, 504.768898
2500, 505.319956
2500, 506.054699
2500, 503.115725
2500, 504.217840
2500, 505.871013
2500, 502.932039
2500, 501.095180
2500, 500.544122
2500, 502.564667
2500, 503.299411
2500, 502.013609
2500, 502.748353
2500, 502.564667
2500, 500.727808
2500, 499.809378
2500, 502.748353
2500, 504.768898
2500, 502.748353
2500, 502.013609
2500, 503.483096
2500, 502.564667
2500, 502.380981
2500, 503.666782
2500, 502.748353
2500, 504.034154
2500, 505.503642
2500, 506.422071
2500, 504.585212
2500, 504.034154
2500, 504.217840
2500, 503.666782
2500, 505.136270
2500, 505.503642
2500, 507.156815
2500, 509.361046
2500, 506.238385
2500, 503.299411
2500, 504.952584
2500, 506.238385
2500, 506.422071
2500, 507.156815
2500, 506.973129
2500, 506.422071
2500, 505.687327
2500, 508.075244
2500, 505.503642
2500, 505.871013
2500, 506.789443
2500, 505.871013
2500, 503.483096
2500, 505.136270
2500, 504.768898
2500, 503.850468
2500, 503.483096
2500, 504.768898
2500, 502.380981
2500, 501.829923
2500, 505.503642
2500, 502.932039
2500, 499.625692
2500, 501.646237
2500, 504.217840
2500, 504.768898
2500, 505.136270
2500, 501.829923
2500, 501.829923
2500, 503.850468
2500, 501.462551
2500, 502.748353
2500, 503.299411
2500, 503.666782
2500, 502.748353
2500, 504.768898
2500, 504.768898
2500, 504.952584
2500, 503.850468
2500, 503.666782
2500, 502.013609
2500, 503.850468
2500, 502.932039
2500, 504.952584
2500, 503.299411
2500, 505.687327
2500, 505.871013
2500, 504.401526
2500, 509.361046
2500, 507.156815
2500, 504.768898
2500, 506.238385
2500, 504.585212
2500, 503.666782
2500, 505.687327
2500, 507.156815
2500, 505.871013
2500, 504.034154
2500, 505.503642
2500, 505.503642
2500, 505.687327
2500, 504.768898
2500, 504.217840
2500, 503.850468
2500, 504.768898
2500, 502.748353
2500, 503.115725
2500, 501.095180
2500, 504.401526
2500, 503.299411
2500, 501.095180
2500, 502.564667
2500, 502.013609
2500, 502.197295
2500, 498.156205
2500, 502.197295
2500, 502.564667
2500, 501.646237
2500, 500.727808
2500, 504.401526
2500, 503.299411
2500, 503.666782
2500, 504.034154
2500, 504.034154
2500, 502.380981
2500, 501.829923
2500, 502.013609
2500, 503.483096
2500, 503.115725
2500, 502.564667
2500, 502.748353
2500, 505.136270
2500, 506.422071
2500, 503.666782
2500, 506.422071
2500, 501.095180
2500, 507.707873
2500, 505.503642
2500, 504.401526
2500, 503.850468
2500, 508.809988
2500, 507.156815
2500, 505.503642
2500, 507.707873
2500, 508.809988
2500, 507.707873
2500, 505.687327
2500, 505.136270
2500, 508.626302
2500, 507.340501
2500, 507.707873
2500, 507.524187
2500, 505.871013
2500, 505.136270
2500, 504.585212
2500, 504.034154
2500, 503.299411
2500, 507.156815
2500, 508.809988
2500, 503.299411
2500, 504.952584
2500, 502.380981
2500, 502.013609
2500, 499.625692
2500, 503.666782
2500, 499.258320
2500, 501.462551
2500, 502.380981
2500, 505.136270
2500, 504.401526
2500, 503.483096
2500, 505.503642
2500, 503.850468
2500, 502.380981
2500, 506.054699
2500, 505.136270
2500, 502.932039
2500, 502.013609
2500, 504.034154
2500, 505.871013
2500, 505.503642
2500, 503.483096
2500, 504.952584
2500, 504.952584
2500, 505.687327
2500, 504.401526
2500, 503.850468
2500, 506.238385
2500, 504.585212
2500, 505.136270
2500, 507.340501
2500, 501.646237
2500, 504.585212
2500, 503.483096
2500, 505.503642
2500, 508.075244
2500, 507.156815
2500, 503.299411
2500, 504.585212
2500, 507.524187
2500, 506.789443
2500, 504.217840
2500, 503.850468
2500, 502.932039
2500, 503.850468
2500, 504.401526
2500, 504.585212
2500, 504.034154
2500, 501.278865
2500, 504.585212
2500, 504.585212
2500, 500.360436
2500, 496.135660
2500, 502.013609
2500, 502.748353
2500, 499.993064
2500, 501.646237
2500, 502.197295
2500, 501.462551
2500, 504.401526
2500, 503.115725
2500, 503.115725
2500, 501.646237
2500, 504.768898
2500, 502.748353
2500, 502.013609
2500, 502.013609
2500, 504.585212
2500, 507.340501
2500, 507.340501
2500, 504.401526
2500, 505.136270
2500, 504.401526
2500, 504.952584
2500, 503.483096
2500, 503.850468
2500, 505.503642
2500, 504.768898
2500, 507.707873
2500, 506.789443
2500, 504.034154
2500, 506.238385
2500, 505.871013
2500, 506.238385
2500, 506.238385
2500, 508.626302
2500, 507.707873
2500, 506.605757
2500, 505.503642
2500, 504.768898
2500, 506.789443
2500, 505.687327
2500, 507.340501
2500, 504.952584
2500, 503.483096
2500, 505.319956
2500, 505.136270
2500, 504.401526
2500, 503.483096
2500, 504.217840
2500, 506.422071
2500, 502.748353
2500, 499.993064
2500, 502.013609
2500, 503.666782
2500, 505.319956
2500, 501.462551
2500, 501.278865
2500, 502.932039
2500, 504.768898
2500, 504.768898
2500, 502.748353
2500, 504.034154
2500, 502.748353
2500, 502.748353
2500, 505.136270
2500, 504.952584
2500, 504.401526
2500, 501.829923
2500, 501.278865
2500, 505.503642
2500, 507.156815
2500, 506.422071
2500, 504.034154
2500, 501.095180
2500, 503.483096
2500, 505.319956
2500, 505.136270
2500, 506.973129
2500, 505.503642
2500, 506.422071
2500, 505.687327
2500, 504.952584
2500, 503.483096
2500, 505.687327
2500, 503.850468
2500, 505.319956
2500, 508.075244
2500, 505.871013
2500, 504.401526
2500, 502.932039
2500, 501.646237
2500, 501.462551
2500, 502.932039
2500, 506.054699
2500, 505.871013
2500, 502.932039
2500, 502.748353
2500, 506.605757
2500, 506.422071
2500, 504.401526
2500, 501.278865
2500, 502.013609
2500, 501.278865
2500, 500.360436
2500, 499.258320
2500, 499.074634
2500, 502.564667
2500, 504.217840
2500, 502.748353
2500, 503.483096
2500, 501.646237
2500, 505.503642
2500, 504.401526
2500, 503.666782
2500, 504.585212
2500, 503.666782
2500, 502.564667
2500, 502.932039
2500, 504.401526
2500, 500.544122
2500, 502.197295
2500, 504.952584
2500, 504.401526
2500, 504.217840
2500, 504.952584
2500, 508.258930
2500, 507.707873
2500, 509.544732
2500, 505.503642
2500, 505.687327
2500, 507.340501
2500, 505.871013
2500, 504.952584
2500, 507.156815
2500, 506.054699
2500, 503.483096
2500, 507.340501
2500, 506.238385
2500, 510.830533
2500, 506.422071
2500, 506.238385
2500, 504.768898
2500, 504.768898
2500, 504.217840
2500, 501.646237
2500, 505.871013
2500, 505.687327
2500, 504.768898
2500, 499.442006
2500, 501.829923
2500, 505.319956
2500, 505.319956
2500, 503.666782
2500, 501.462551
2500, 504.585212
2500, 504.768898
2500, 501.462551
2500, 502.380981
2500, 505.319956
2500, 504.034154
2500, 503.299411
2500, 506.054699
2500, 504.401526
2500, 502.380981
2500, 502.564667
2500, 503.299411
2500, 505.319956
2500, 504.585212
2500, 505.503642
2500, 504.217840
2500, 507.707873
2500, 503.115725
2500, 501.646237
2500, 505.136270
2500, 505.319956
2500, 506.973129
2500, 506.054699
2500, 503.850468
2500, 504.217840
2500, 503.850468
2500, 504.585212
2500, 503.666782
2500, 505.503642
2500, 507.707873
2500, 508.626302
2500, 504.217840
2500, 504.034154
2500, 504.952584
2500, 504.768898
2500, 505.687327
2500, 505.503642
2500, 503.483096
2500, 503.115725
2500, 503.666782
2500, 502.932039
2500, 503.483096
2500, 501.646237
2500, 502.380981
2500, 505.871013
2500, 502.197295
2500, 499.258320
2500, 501.278865
2500, 501.095180
2500, 502.380981
2500, 504.401526
2500, 502.748353
2500, 501.462551
2500, 503.483096
2500, 502.197295
2500, 503.850468
2500, 503.299411
2500, 503.483096
2500, 503.299411
2500, 503.115725
2500, 502.197295
2500, 502.013609
2500, 501.829923
2500, 503.299411
2500, 504.952584
2500, 501.462551
2500, 505.503642
2500, 504.585212
2500, 503.299411
2500, 504.585212
2500, 503.299411
2500, 502.748353
2500, 506.422071
2500, 504.217840
2500, 505.871013
2500, 506.238385
2500, 507.524187
2500, 507.340501
2500, 507.156815
2500, 505.871013
2500, 506.054699
2500, 504.217840
2500, 505.687327
2500, 507.707873
2500, 507.524187
2500, 507.156815
2500, 505.319956
2500, 506.054699
2500, 503.299411
2500, 501.462551
2500, 502.748353
2500, 502.380981
2500, 506.789443
2500, 502.932039
2500, 504.034154
2500, 504.585212
2500, 504.217840
2500, 502.748353
2500, 502.564667
2500, 502.380981
2500, 500.911494
2500, 503.850468
2500, 504.217840
2500, 501.278865
2500, 501.095180
2500, 504.768898
2500, 504.768898
2500, 504.034154
2500, 504.768898
2500, 505.136270
2500, 503.666782
2500, 504.217840
2500, 502.197295
2500, 503.115725
2500, 503.666782
2500, 505.319956
2500, 503.483096
2500, 502.380981
2500, 505.319956
2500, 505.687327
2500, 506.238385
2500, 509.177360
2500, 506.054699
2500, 499.442006
2500, 503.115725
2500, 506.605757
2500, 509.361046
2500, 507.156815
2500, 503.666782
2500, 505.687327
2500, 506.605757
2500, 504.034154
2500, 505.503642
2500, 503.850468
2500, 503.850468
2500, 506.054699
2500, 504.401526
2500, 500.544122
2500, 503.115725
2500, 504.034154
2500, 505.687327
2500, 504.585212
2500, 501.462551
2500, 503.299411
2500, 502.748353
2500, 501.829923
2500, 504.034154
2500, 500.911494
2500, 499.993064
2500, 503.850468
2500, 500.360436
2500, 500.176750
2500, 501.095180
2500, 501.829923
2500, 501.829923
2500, 503.299411
2500, 505.687327
2500, 504.217840
2500, 505.136270
2500, 503.483096
2500, 502.932039
2500, 502.932039
2500, 502.013609
2500, 502.932039
2500, 504.768898
2500, 504.768898
2500, 504.217840
2500, 502.564667
2500, 502.564667
2500, 503.850468
2500, 507.524187
2500, 506.054699
2500, 506.789443
2500, 505.503642
2500, 509.912103
2500, 504.401526
2500, 503.850468
2500, 509.361046
2500, 509.544732
2500, 508.809988
2500, 505.503642
2500, 504.401526
2500, 506.422071
2500, 504.952584
2500, 507.340501
2500, 506.422071
2500, 505.319956
2500, 509.361046
2500, 506.054699
2500, 502.013609
2500, 504.217840
2500, 504.217840
2500, 505.687327
2500, 505.687327
2500, 502.932039
2500, 499.993064
2500, 500.176750
2500, 502.564667
2500, 504.585212
2500, 502.380981
2500, 502.380981
2500, 502.380981
2500, 502.013609
2500, 502.932039
2500, 505.871013
2500, 505.136270
2500, 502.564667
2500, 509.544732
2500, 503.115725
2500, 501.829923
2500, 501.829923
2500, 503.483096
2500, 501.829923
2500, 504.401526
2500, 504.768898
2500, 505.871013
2500, 504.585212
2500, 502.380981
2500, 504.401526
2500, 505.687327
2500, 505.871013
2500, 505.319956
2500, 505.871013
2500, 504.768898
2500, 504.034154
2500, 503.666782
2500, 502.748353
2500, 506.605757
2500, 506.422071
2500, 505.871013
2500, 506.422071
2500, 507.340501
2500, 506.973129
2500, 504.952584
2500, 506.789443
2500, 503.666782
2500, 500.176750
2500, 502.197295
2500, 503.850468
2500, 505.871013
2500, 502.013609
2500, 502.197295
2500, 503.850468
2500, 503.299411
2500, 501.829923
2500, 503.666782
2500, 501.829923
2500, 501.462551
2500, 502.932039
2500, 504.768898
2500, 500.727808
2500, 500.176750
2500, 502.013609
2500, 500.911494
2500, 502.564667
2500, 503.483096
2500, 505.871013
2500, 502.380981
2500, 500.544122
2500, 502.380981
2500, 499.809378
2500, 503.299411
2500, 502.197295
2500, 506.238385
2500, 502.932039
2500, 504.034154
2500, 504.034154
2500, 505.136270
2500, 504.034154
2500, 503.850468
2500, 504.034154
2500, 505.136270
2500, 504.217840
2500, 504.401526
2500, 505.503642
2500, 505.871013
2500, 504.768898
2500, 508.442616
2500, 506.238385
2500, 506.422071
2500, 506.238385
2500, 508.258930
2500, 510.095789
2500, 508.626302
2500, 506.238385
2500, 507.340501
2500, 503.299411
2500, 506.054699
2500, 506.422071
2500, 505.319956
2500, 503.850468
2500, 504.952584
2500, 505.319956
2500, 505.871013
2500, 502.748353
2500, 500.360436
2500, 500.727808
2500, 503.483096
2500, 502.013609
2500, 502.748353
2500, 500.360436
2500, 504.768898
2500, 504.585212
2500, 504.952584
2500, 501.646237
2500, 502.748353
2500, 505.503642
2500, 504.217840
2500, 505.136270
2500, 500.911494
2500, 503.115725
2500, 503.299411
2500, 503.483096
2500, 502.197295
2500, 503.850468
2500, 503.299411
2500, 502.564667
2500, 504.952584
2500, 504.768898
2500, 505.319956
2500, 505.687327
2500, 505.687327
2500, 505.319956
2500, 503.850468
2500, 505.687327
2500, 505.687327
2500, 506.054699
2500, 504.952584
2500, 502.748353
2500, 504.768898
2500, 506.973129
2500, 506.973129
2500, 506.973129
2500, 506.422071
2500, 504.217840
2500, 505.319956
2500, 505.871013
2500, 503.666782
2500, 502.932039
2500, 504.034154
2500, 503.483096
2500, 503.115725
2500, 502.564667
2500, 504.217840
2500, 504.217840
2500, 502.013609
2500, 502.197295
2500, 501.829923
2500, 502.748353
2500, 502.380981
2500, 502.748353
2500, 500.544122
2500, 502.564667
2500, 501.829923
2500, 504.217840
2500, 501.829923
2500, 498.890949
2500, 506.054699
2500, 503.850468
2500, 500.911494
2500, 503.483096
3750, 503.666782
3750, 504.768898
3750, 503.483096
3750, 505.503642
3750, 505.503642
3750, 504.952584
3750, 504.768898
3750, 501.095180
3750, 503.483096
3750, 503.666782
3750, 506.789443
3750, 505.136270
3750, 506.789443
3750, 508.626302
3750, 506.973129
3750, 502.932039
3750, 504.952584
3750, 509.544732
3750, 506.973129
3750, 506.054699
3750, 506.238385
3750, 508.258930
3750, 507.891558
3750, 505.319956
3750, 506.973129
3750, 503.115725
3750, 504.585212
3750, 507.156815
3750, 505.136270
3750, 504.952584
3750, 502.380981
3750, 503.115725
3750, 503.666782
3750, 502.932039
3750, 503.483096
3750, 502.197295
3750, 504.768898
3750, 503.850468
3750, 502.932039
3750, 501.829923
3750, 502.013609
3750, 503.666782
3750, 502.197295
3750, 505.136270
3750, 502.013609
3750, 506.054699
3750, 505.136270
3750, 503.483096
3750, 506.422071
3750, 502.748353
3750, 503.115725
3750, 502.380981
3750, 504.034154
3750, 502.013609
3750, 502.013609
3750, 505.687327
3750, 505.687327
3750, 504.401526
3750, 504.585212
3750, 506.054699
3750, 504.217840
3750, 508.075244
3750, 504.952584
3750, 501.462551
3750, 505.503642
3750, 503.850468
3750, 505.319956
3750, 507.340501
3750, 505.871013
3750, 504.952584
3750, 506.054699
3750, 507.156815
3750, 505.503642
3750, 504.952584
3750, 504.585212
3750, 505.871013
3750, 504.034154
3750, 502.932039
3750, 502.748353
3750, 501.095180
3750, 505.319956
3750, 504.768898
3750, 504.768898
3750, 502.197295
3750, 500.176750
3750, 500.911494
3750, 501.095180
3750, 499.258320
3750, 499.074634
3750, 502.013609
3750, 502.932039
3750, 501.462551
3750, 500.360436
3750, 502.197295
3750, 503.483096
3750, 504.768898
3750, 500.176750
3750, 500.727808
3750, 503.666782
3750, 503.115725
3750, 505.687327
3750, 506.422071
3750, 503.299411
3750, 501.829923
3750, 501.462551
3750, 508.258930
3750, 506.605757
3750, 507.891558
3750, 505.503642
3750, 504.034154
3750, 505.319956
3750, 505.136270
3750, 502.564667
3750, 507.707873
3750, 505.687327
3750, 507.524187
3750, 505.319956
3750, 507.340501
3750, 507.707873
3750, 508.075244
3750, 507.524187
3750, 507.340501
3750, 504.952584
3750, 508.626302
3750, 507.156815
3750, 505.503642
3750, 504.952584
3750, 504.768898
3750, 506.054699
3750, 505.687327
3750, 503.299411
3750, 506.605757
3750, 504.034154
3750, 503.299411
3750, 504.585212
3750, 499.993064
3750, 501.829923
3750, 500.727808
3750, 506.238385
3750, 503.850468
3750, 502.748353
3750, 501.646237
3750, 503.850468
3750, 504.585212
3750, 503.299411
3750, 504.401526
3750, 505.687327
3750, 504.768898
3750, 504.401526
3750, 504.034154
3750, 503.115725
3750, 507.156815
3750, 503.850468
3750, 502.380981
3750, 505.687327
3750, 502.748353
3750, 505.136270
3750, 503.666782
3750, 503.483096
3750, 503.299411
3750, 506.422071
3750, 503.850468
3750, 505.871013
3750, 508.075244
3750, 505.319956
3750, 507.340501
3750, 505.319956
3750, 507.156815
3750, 505.871013
3750, 505.503642
3750, 505.319956
3750, 506.789443
3750, 505.136270
3750, 505.136270
3750, 502.013609
3750, 504.952584
3750, 507.156815
3750, 502.197295
3750, 502.013609
3750, 500.544122
3750, 501.278865
3750, 505.687327
3750, 503.850468
3750, 499.625692
3750, 504.585212
3750, 505.319956
3750, 502.748353
3750, 499.993064
3750, 502.013609
3750, 502.197295
3750, 502.197295
3750, 500.544122
3750, 501.095180
3750, 502.564667
3750, 502.564667
3750, 500.727808
3750, 503.666782
3750, 504.401526
3750, 504.585212
3750, 502.748353
3750, 504.217840
3750, 501.095180
3750, 504.585212
3750, 505.871013
3750, 503.299411
3750, 504.401526
3750, 506.605757
3750, 505.319956
3750, 503.483096
3750, 506.973129
3750, 505.319956
3750, 504.034154
3750, 505.871013
3750, 505.871013
3750, 508.075244
3750, 505.319956
3750, 507.891558
3750, 505.871013
3750, 507.156815
3750, 507.707873
3750, 505.136270
3750, 508.075244
3750, 506.973129
3750, 509.361046
3750, 504.401526
3750, 503.483096
3750, 504.217840
3750, 505.136270
3750, 504.034154
3750, 502.748353
3750, 504.034154
3750, 508.809988
3750, 506.054699
3750, 502.932039
3750, 502.932039
3750, 504.768898
3750, 503.483096
3750, 503.299411
3750, 501.462551
3750, 503.483096
3750, 502.380981
3750, 502.197295
3750, 501.829923
3750, 499.993064
3750, 502.932039
3750, 504.217840
3750, 502.932039
3750, 503.666782
3750, 506.054699
3750, 502.932039
3750, 502.564667
3750, 504.401526
3750, 506.238385
3750, 504.585212
3750, 502.197295
3750, 504.585212
3750, 507.340501
3750, 504.217840
3750, 504.768898
3750, 501.829923
3750, 505.503642
3750, 507.340501
3750, 506.422071
3750, 507.340501
3750, 502.932039
3750, 503.666782
3750, 506.422071
3750, 506.789443
3750, 504.768898
3750, 505.871013
3750, 505.136270
3750, 507.340501
3750, 504.585212
3750, 505.319956
3750, 504.768898
3750, 504.217840
3750, 505.319956
3750, 502.013609
3750, 504.401526
3750, 504.585212
3750, 505.687327
3750, 503.483096
3750, 502.380981
3750, 499.993064
3750, 502.013609
3750, 503.299411
3750, 500.911494
3750, 501.646237
3750, 503.850468
3750, 504.768898
3750, 499.625692
3750, 502.564667
3750, 499.625692
3750, 502.380981
3750, 502.932039
3750, 502.197295
3750, 502.564667
3750, 504.034154
3750, 504.217840
3750, 506.973129
3750, 504.401526
3750, 499.258320
3750, 502.197295
3750, 502.932039
3750, 503.850468
3750, 506.238385
3750, 504.585212
3750, 502.564667
3750, 501.829923
3750, 506.605757
3750, 506.789443
3750, 508.809988
3750, 505.871013
3750, 505.503642
3750, 505.871013
3750, 504.768898
3750, 506.789443
3750, 506.238385
3750, 505.687327
3750, 506.054699
3750, 506.238385
3750, 505.319956
3750, 505.319956
3750, 507.156815
3750, 507.156815
3750, 505.319956
3750, 503.115725
3750, 502.380981
3750, 507.156815
3750, 504.585212
3750, 504.401526
3750, 505.319956
3750, 507.891558
3750, 505.503642
3750, 504.217840
3750, 502.564667
3750, 502.197295
3750, 502.748353
3750, 503.850468
3750, 503.850468
3750, 505.871013
3750, 504.217840
3750, 502.932039
3750, 502.748353
3750, 505.687327
3750, 503.115725
3750, 504.768898
3750, 504.217840
3750, 504.952584
3750, 501.646237
3750, 502.380981
3750, 506.973129
3750, 502.564667
3750, 504.768898
3750, 504.034154
3750, 499.625692
3750, 506.605757
3750, 509.912103
3750, 506.238385
3750, 502.748353
3750, 501.829923
3750, 505.136270
3750, 507.707873
3750, 505.136270
3750, 505.136270
3750, 505.687327
3750, 507.340501
3750, 506.238385
3750, 505.319956
3750, 505.503642
3750, 506.422071
3750, 507.156815
3750, 506.973129
3750, 507.156815
3750, 504.401526
3750, 503.666782
3750, 503.115725
3750, 503.299411
3750, 503.666782
3750, 502.197295
3750, 503.299411
3750, 502.932039
3750, 503.483096
3750, 501.829923
3750, 501.462551
3750, 502.013609
3750, 500.727808
3750, 503.666782
3750, 502.380981
3750, 500.911494
3750, 502.380981
3750, 501.829923
3750, 500.911494
3750, 502.197295
3750, 504.768898
3750, 503.483096
3750, 504.585212
3750, 503.299411
3750, 504.034154
3750, 504.034154
3750, 501.646237
3750, 503.483096
3750, 502.932039
3750, 500.544122
3750, 504.401526
3750, 507.156815
3750, 505.136270
3750, 500.176750
3750, 502.564667
3750, 507.524187
3750, 505.871013
3750, 505.503642
3750, 508.442616
3750, 503.666782
3750, 508.258930
3750, 505.319956
3750, 504.952584
3750, 506.605757
3750, 505.503642
3750, 504.952584
3750, 505.136270
3750, 508.258930
3750, 509.728418
3750, 507.340501
3750, 508.258930
3750, 505.687327
3750, 503.115725
3750, 503.115725
3750, 506.054699
3750, 504.768898
3750, 505.319956
3750, 504.585212
3750, 504.952584
3750, 503.483096
3750, 504.217840
3750, 505.319956
3750, 501.462551
3750, 501.829923
3750, 502.564667
3750, 504.034154
3750, 503.115725
3750, 502.564667
3750, 505.503642
3750, 504.401526
3750, 504.585212
3750, 504.217840
3750, 504.217840
3750, 502.380981
3750, 504.768898
3750, 504.034154
3750, 503.850468
3750, 502.197295
3750, 506.605757
3750, 505.319956
3750, 502.932039
3750, 503.850468
3750, 504.217840
3750, 504.401526
3750, 503.483096
3750, 504.401526
3750, 505.136270
3750, 504.401526
3750, 504.401526
3750, 505.871013
3750, 505.687327
3750, 504.768898
3750, 501.829923
3750, 507.707873
3750, 507.156815
3750, 505.136270
3750, 505.136270
3750, 506.973129
3750, 507.156815
3750, 506.605757
3750, 504.768898
3750, 502.932039
3750, 503.299411
3750, 506.973129
3750, 506.973129
3750, 502.564667
3750, 501.462551
3750, 502.748353
3750, 503.115725
3750, 504.217840
3750, 502.748353
3750, 500.544122
3750, 501.646237
3750, 501.829923
3750, 500.544122
3750, 502.197295
3750, 500.544122
3750, 499.809378
3750, 504.401526
3750, 503.299411
3750, 502.197295
3750, 504.401526
3750, 504.401526
3750, 502.564667
3750, 503.115725
3750, 504.952584
3750, 503.483096
3750, 502.380981
3750, 502.013609
3750, 504.217840
3750, 504.401526
3750, 508.075244
3750, 504.585212
3750, 502.197295
3750, 502.564667
3750, 505.136270
3750, 506.238385
3750, 506.054699
3750, 506.605757
3750, 508.993674
3750, 504.952584
3750, 504.768898
3750, 505.136270
3750, 503.850468
3750, 506.605757
3750, 505.319956
3750, 506.605757
3750, 508.809988
3750, 507.156815
3750, 504.034154
3750, 506.973129
3750, 504.952584
3750, 504.768898
3750, 505.136270
3750, 504.034154
3750, 504.217840
3750, 502.932039
3750, 501.462551
3750, 507.156815
3750, 504.768898
3750, 503.299411
3750, 502.564667
3750, 500.176750
3750, 502.380981
3750, 504.217840
3750, 503.666782
3750, 504.768898
3750, 503.115725
3750, 502.932039
3750, 505.503642
3750, 505.136270
3750, 505.503642
3750, 504.952584
3750, 503.115725
3750, 506.238385
3750, 505.503642
3750, 502.748353
3750, 502.564667
3750, 503.850468
3750, 502.380981
3750, 502.564667
3750, 504.768898
3750, 502.932039
3750, 504.585212
3750, 504.217840
3750, 506.422071
3750, 505.136270
3750, 503.850468
3750, 507.707873
3750, 507.340501
3750, 506.054699
3750, 506.422071
3750, 504.217840
3750, 506.973129
3750, 506.422071
3750, 507.707873
3750, 505.319956
3750, 504.952584
3750, 508.075244
3750, 504.217840
3750, 502.932039
3750, 507.340501
3750, 504.401526
3750, 504.217840
3750, 502.748353
3750, 499.993064
3750, 505.136270
3750, 506.605757
3750, 505.136270
3750, 505.136270
3750, 500.911494
3750, 500.544122
3750, 501.095180
3750, 501.829923
3750, 502.932039
3750, 502.197295
3750, 502.564667
3750, 502.197295
3750, 499.625692
3750, 503.483096
3750, 502.380981
3750, 502.748353
3750, 503.666782
3750, 504.034154
3750, 501.278865
3750, 502.013609
3750, 504.217840
3750, 506.605757
3750, 503.115725
3750, 501.095180
3750, 503.483096
3750, 502.013609
3750, 505.136270
3750, 504.585212
3750, 501.462551
3750, 501.829923
3750, 504.217840
3750, 506.789443
3750, 505.503642
3750, 503.850468
3750, 503.666782
3750, 507.707873
3750, 509.544732
3750, 506.605757
3750, 509.544732
3750, 508.075244
3750, 506.054699
3750, 504.217840
3750, 506.605757
3750, 505.687327
3750, 506.238385
3750, 508.442616
3750, 504.034154
3750, 505.319956
3750, 504.585212
3750, 502.748353
3750, 505.319956
3750, 503.115725
3750, 503.483096
3750, 501.829923
3750, 503.483096
3750, 502.932039
3750, 503.483096
3750, 498.523577
3750, 504.952584
3750, 503.115725
3750, 503.850468
3750, 502.197295
3750, 504.952584
3750, 503.666782
3750, 502.564667
3750, 504.952584
3750, 504.768898
3750, 501.829923
3750, 504.034154
3750, 503.850468
3750, 500.544122
3750, 504.401526
3750, 508.075244
3750, 505.136270
3750, 506.973129
3750, 504.217840
3750, 500.911494
3750, 503.115725
3750, 507.891558
3750, 507.156815
3750, 502.748353
3750, 500.176750
3750, 503.115725
3750, 505.319956
3750, 503.850468
3750, 504.952584
3750, 504.585212
3750, 508.626302
3750, 506.422071
3750, 504.401526
3750, 506.422071
3750, 507.891558
3750, 507.156815
3750, 505.319956
3750, 503.115725
3750, 506.238385
3750, 504.034154
3750, 502.013609
3750, 501.646237
3750, 502.197295
3750, 502.013609
3750, 504.585212
3750, 502.932039
3750, 502.932039
3750, 501.462551
3750, 499.258320
3750, 502.748353
3750, 503.115725
3750, 503.299411
3750, 503.299411
3750, 500.911494
3750, 502.564667
3750, 502.932039
3750, 502.380981
3750, 503.850468
3750, 505.871013
3750, 502.564667
3750, 501.462551
3750, 503.850468
3750, 503.850468
3750, 503.483096
3750, 505.319956
3750, 504.768898
3750, 502.748353
3750, 499.993064
3750, 504.401526
3750, 506.605757
3750, 505.319956
3750, 504.768898
3750, 504.768898
3750, 506.422071
3750, 509.177360
3750, 504.217840
3750, 504.768898
3750, 507.707873
3750, 507.707873
3750, 503.483096
3750, 507.707873
3750, 506.054699
3750, 503.850468
3750, 506.238385
3750, 507.340501
3750, 507.524187
3750, 505.503642
3750, 507.707873
3750, 507.340501
3750, 506.238385
3750, 505.871013
3750, 501.278865
3750, 504.034154
3750, 500.911494
3750, 504.034154
3750, 504.034154
3750, 504.217840
3750, 503.483096
3750, 503.666782
3750, 501.278865
3750, 502.932039
3750, 504.585212
3750, 504.768898
3750, 501.646237
3750, 499.442006
3750, 500.544122
3750, 504.034154
3750, 505.687327
3750, 504.217840
3750, 503.483096
3750, 503.483096
3750, 504.401526
3750, 503.115725
3750, 504.585212
3750, 503.850468
3750, 503.666782
3750, 503.299411
3750, 504.585212
3750, 502.932039
3750, 500.911494
3750, 505.871013
3750, 505.871013
3750, 506.605757
3750, 507.156815
3750, 504.585212
3750, 505.687327
3750, 506.789443
3750, 505.687327
3750, 507.156815
3750, 504.768898
3750, 506.238385
3750, 510.830533
3750, 504.585212
3750, 504.217840
3750, 503.115725
3750, 505.687327
3750, 506.422071
3750, 506.238385
3750, 502.013609
3750, 502.932039
3750, 502.380981
3750, 506.238385
3750, 506.054699
3750, 503.666782
3750, 501.095180
3750, 503.115725
3750, 503.483096
3750, 501.646237
3750, 502.932039
3750, 501.462551
3750, 500.911494
3750, 500.360436
3750, 500.176750
3750, 503.115725
3750, 501.829923
3750, 502.380981
3750, 504.034154
3750, 503.115725
3750, 502.564667
3750, 503.115725
3750, 505.503642
3750, 505.503642
3750, 503.483096
3750, 502.932039
3750, 505.503642
3750, 506.422071
3750, 502.932039
3750, 504.034154
3750, 502.197295
3750, 503.299411
3750, 506.973129
3750, 504.217840
3750, 506.422071
3750, 506.605757
3750, 509.177360
3750, 504.585212
3750, 506.422071
3750, 504.952584
3750, 507.340501
3750, 505.871013
3750, 508.258930
3750, 507.524187
3750, 508.075244
3750, 505.319956
3750, 507.524187
3750, 504.585212
3750, 505.871013
3750, 505.687327
3750, 504.952584
3750, 505.687327
3750, 503.483096
3750, 504.034154
3750, 504.585212
3750, 504.217840
3750, 504.952584
3750, 504.952584
3750, 500.727808
3750, 503.850468
3750, 503.850468
3750, 504.401526
3750, 499.625692
3750, 500.727808
3750, 500.911494
3750, 502.748353
3750, 502.932039
3750, 501.095180
3750, 504.401526
3750, 505.136270
3750, 506.238385
3750, 505.136270
3750, 504.217840
3750, 501.829923
3750, 505.687327
3750, 504.768898
3750, 505.319956
3750, 504.401526
3750, 504.217840
3750, 502.932039
3750, 503.299411
3750, 502.564667
3750, 505.136270
3750, 505.136270
3750, 506.605757
3750, 504.217840
3750, 501.646237
3750, 506.054699
3750, 506.973129
3750, 505.319956
3750, 505.687327
3750, 506.054699
3750, 506.605757
3750, 505.503642
3750, 505.503642
3750, 504.768898
3750, 503.483096
3750, 506.973129
3750, 504.401526
3750, 506.238385
3750, 506.238385
3750, 504.401526
3750, 506.054699
3750, 503.299411
3750, 504.217840
3750, 501.095180
3750, 501.646237
3750, 502.748353
3750, 502.380981
3750, 500.544122
3750, 501.278865
3750, 504.034154
3750, 504.217840
3750, 501.646237
3750, 503.115725
3750, 502.197295
3750, 502.932039
3750, 504.768898
3750, 502.564667
3750, 499.809378
3750, 502.380981
3750, 505.319956
3750, 502.197295
3750, 501.095180
3750, 502.564667
3750, 502.380981
3750, 501.095180
3750, 503.483096
3750, 502.564667
3750, 503.299411
3750, 504.217840
3750, 506.054699
3750, 504.585212
3750, 502.932039
3750, 503.299411
3750, 505.687327
3750, 507.707873
3750, 508.258930
3750, 506.054699
3750, 505.687327
3750, 506.054699
3750, 507.524187
3750, 509.544732
3750, 502.932039
3750, 506.054699
3750, 506.605757
3750, 506.422071
3750, 504.217840
3750, 505.136270
3750, 506.054699
3750, 507.156815
3750, 507.156815
3750, 507.707873
3750, 505.319956
3750, 501.278865
3750, 505.319956
3750, 506.238385
3750, 502.197295
3750, 499.625692
3750, 503.115725
3750, 505.136270
3750, 504.217840
3750, 503.850468
3750, 502.564667
3750, 500.176750
3750, 502.932039
3750, 502.564667
3750, 500.176750
3750, 504.952584
3750, 503.299411
3750, 505.871013
3750, 505.503642
3750, 504.401526
3750, 502.013609
3750, 505.136270
3750, 509.912103
3750, 502.932039
3750, 502.197295
3750, 504.768898
3750, 504.034154
3750, 505.687327
3750, 504.034154
3750, 503.666782
3750, 505.319956
3750, 505.319956
3750, 503.850468
3750, 503.666782
3750, 505.136270
3750, 505.687327
3750, 507.156815
3750, 502.932039
3750, 504.768898
3750, 508.442616
3750, 509.544732
3750, 506.238385
3750, 502.197295
3750, 504.952584
3750, 505.136270
3750, 504.585212
3750, 505.503642
3750, 503.115725
3750, 502.013609
3750, 503.299411
3750, 500.911494
3750, 502.932039
3750, 501.278865
3750, 503.483096
3750, 502.932039
3750, 501.646237
3750, 504.401526
3750, 500.911494
3750, 501.462551
3750, 500.360436
3750, 502.748353
3750, 501.095180
3750, 500.176750
3750, 503.299411
3750, 502.748353
3750, 504.034154
3750, 503.115725
3750, 501.646237
3750, 501.829923
3750, 504.768898
3750, 504.034154
3750, 502.932039
3750, 504.952584
3750, 503.115725
3750, 502.564667
3750, 504.952584
3750, 502.932039
3750, 502.013609
3750, 504.401526
3750, 502.380981
3750, 504.952584
3750, 504.952584
3750, 504.217840
3750, 503.115725
3750, 506.422071
3750, 509.177360
3750, 504.401526
3750, 505.136270
3750, 509.912103
3750, 505.319956
3750, 504.585212
3750, 506.789443
3750, 507.156815
3750, 506.789443
3750, 508.258930
3750, 509.544732
3750, 505.503642
3750, 504.952584
3750, 503.850468
3750, 504.768898
3750, 506.238385
3750, 504.952584
3750, 505.319956
3750, 505.136270
3750, 504.401526
3750, 499.993064
3750, 502.380981
3750, 504.034154
3750, 500.727808
3750, 502.932039
3750, 503.483096
3750, 504.768898
3750, 502.932039
3750, 501.462551
3750, 504.401526
3750, 502.197295
3750, 502.564667
3750, 503.299411
3750, 506.238385
3750, 504.585212
3750, 502.564667
3750, 505.319956
3750, 506.238385
3750, 505.319956
3750, 504.034154
3750, 504.401526
3750, 504.952584
3750, 501.278865
3750, 501.829923
3750, 503.666782
3750, 504.034154
3750, 506.605757
3750, 505.687327
3750, 506.238385
3750, 506.238385
3750, 504.768898
3750, 503.483096
3750, 503.666782
3750, 504.952584
3750, 506.422071
3750, 505.687327
3750, 504.585212
3750, 505.136270
3750, 504.217840
3750, 504.401526
3750, 503.483096
3750, 505.136270
3750, 506.973129
3750, 504.217840
3750, 502.748353
3750, 504.034154
3750, 503.666782
3750, 502.380981
3750, 504.401526
3750, 502.932039
3750, 503.115725
3750, 505.503642
3750, 500.727808
3750, 502.564667
3750, 501.829923
3750, 500.544122
3750, 500.544122
3750, 501.278865
3750, 499.258320
3750, 501.278865
3750, 503.666782
3750, 503.299411
3750, 505.319956
3750, 504.768898
3750, 506.054699
3750, 502.748353
3750, 502.564667
3750, 502.197295
3750, 503.299411
3750, 506.422071
3750, 504.952584
3750, 502.932039
3750, 505.871013
3750, 504.034154
3750, 506.789443
3750, 505.871013
3750, 505.136270
3750, 506.973129
3750, 503.850468
3750, 505.871013
3750, 502.748353
3750, 507.891558
3750, 508.075244
3750, 504.952584
3750, 508.809988
3750, 506.422071
3750, 505.503642
3750, 506.238385
3750, 505.687327
3750, 506.054699
3750, 506.605757
3750, 506.422071
3750, 506.238385
3750, 504.585212
3750, 506.238385
3750, 504.585212
3750, 503.299411
3750, 502.380981
3750, 504.768898
3750, 503.850468
3750, 502.013609
3750, 502.748353
3750, 502.932039
3750, 502.932039
3750, 500.727808
3750, 502.380981
3750, 502.932039
3750, 502.932039
3750, 504.217840
3750, 503.115725
3750, 504.217840
3750, 503.666782
3750, 505.319956
3750, 504.952584
3750, 503.299411
3750, 502.564667
3750, 504.401526
3750, 505.136270
3750, 503.850468
3750, 504.401526
3750, 503.299411
3750, 503.666782
3750, 504.217840
3750, 504.585212
3750, 503.299411
3750, 503.483096
3750, 505.136270
3750, 503.850468
3750, 504.401526
3750, 508.075244
3750, 503.115725
3750, 504.768898
3750, 504.952584
3750, 504.768898
3750, 504.768898
3750, 503.115725
3750, 505.319956
3750, 507.891558
3750, 506.789443
3750, 506.789443
3750, 505.503642
3750, 505.319956
3750, 504.217840
3750, 503.850468
3750, 501.829923
3750, 505.503642
3750, 505.687327
3750, 505.871013
3750, 502.564667
3750, 503.850468
3750, 503.115725
3750, 500.911494
3750, 501.462551
3750, 503.115725
3750, 502.748353
3750, 501.829923
3750, 501.646237
3750, 499.258320
3750, 500.360436
3750, 503.850468
3750, 504.217840
3750, 503.299411
3750, 503.666782
3750, 503.299411
3750, 501.462551
3750, 502.380981
3750, 503.850468
3750, 503.850468
3750, 504.585212
3750, 503.850468
3750, 502.564667
3750, 506.054699
3750, 504.768898
3750, 504.401526
3750, 504.034154
3750, 502.380981
3750, 506.238385
3750, 501.462551
3750, 506.238385
3750, 508.442616
3750, 507.524187
3750, 503.115725
3750, 507.156815
3750, 506.973129
3750, 507.340501
3750, 507.707873
3750, 505.871013
3750, 506.789443
3750, 507.891558
3750, 507.707873
3750, 506.973129
3750, 503.850468
3750, 505.871013
3750, 505.503642
3750, 502.197295
3750, 503.850468
3750, 504.768898
3750, 504.217840
3750, 503.299411
3750, 504.585212
3750, 503.666782
3750, 502.197295
3750, 502.748353
3750, 501.829923
3750, 505.136270
3750, 502.748353
3750, 500.544122
3750, 500.727808
3750, 503.666782
3750, 502.932039
3750, 505.503642
3750, 501.278865
3750, 501.829923
3750, 502.197295
3750, 503.115725
3750, 502.748353
3750, 505.503642
